0.477284 -0.878556 0.0184031 0.681433 0.878745 0.477243 -0.00686302 0.552625 -0.00275319 0.0194472 0.999807 0.791128
0.474329 -0.880248 0.0132121 1.48817 0.880347 0.474292 -0.00604466 2.13027 -0.00094558 0.0144984 0.999894 0.799857
0.471519 -0.881732 0.0147828 2.31601 0.881847 0.471523 -0.00340713 3.73613 -0.00396623 0.0146427 0.999885 0.809163
0.468958 -0.883093 0.0150211 3.15176 0.883212 0.468959 -0.0036732 5.36072 -0.0038005 0.0149894 0.99988 0.813684
0.467262 -0.883958 0.016851 3.99817 0.88411 0.467258 -0.00440531 7.00087 -0.00397967 0.0169566 0.999848 0.818252
0.467689 -0.8837 0.0184801 4.85329 0.883817 0.467821 0.00335548 8.66762 -0.0116106 0.0147637 0.999824 0.828415
0.470097 -0.882356 0.021373 5.72365 0.882479 0.470312 0.00615442 10.3446 -0.0154824 0.015968 0.999753 0.8254
0.472197 -0.881337 0.0166164 6.60077 0.881456 0.472266 0.000316469 12.0321 -0.0081263 0.0144972 0.999862 0.817176
0.474016 -0.880337 0.0177972 7.49687 0.8805 0.474035 -0.00340212 13.7395 -0.00544148 0.0172831 0.999836 0.816141
0.472828 -0.880752 0.026643 8.40868 0.881039 0.47304 0.00194494 15.4713 -0.0143162 0.0225539 0.999643 0.815519
0.470705 -0.881635 0.0340171 9.3295 0.882231 0.470771 -0.00652687 17.2013 -0.01026 0.0330832 0.9994 0.802836
0.467851 -0.883298 0.0300035 10.2455 0.883797 0.467738 -0.0111058 18.9736 -0.004224 0.0317128 0.999488 0.809203
0.465798 -0.884386 0.0298722 11.2023 0.884841 0.465865 -0.00510241 20.848 -0.0094039 0.0288088 0.999541 0.868151
0.463646 -0.885495 0.0305236 12.1475 0.885931 0.463814 -0.00173826 22.7016 -0.0126181 0.0278478 0.999533 0.906569
0.462932 -0.885929 0.0286987 13.075 0.886209 0.463255 0.00543462 24.5447 -0.0181095 0.0229172 0.999573 0.924901
0.46288 -0.885992 0.0275842 13.9915 0.886261 0.463164 0.00460866 26.3643 -0.0168592 0.0223135 0.999609 0.92664
0.462366 -0.886363 0.0240424 14.895 0.886582 0.462561 0.00300532 28.1603 -0.0137849 0.019926 0.999706 0.93619
0.460352 -0.88733 0.0268639 15.7991 0.887589 0.460616 0.00431695 29.9437 -0.0162045 0.0218567 0.99963 0.947217
0.459651 -0.887864 0.0204658 16.6754 0.888053 0.45974 -0.000399461 31.7073 -0.00905427 0.0183583 0.99979 0.954799
0.458886 -0.888239 0.0213241 17.5603 0.888427 0.459015 0.00132014 33.4645 -0.0109607 0.0183392 0.999772 0.966023
0.458249 -0.888417 0.0268981 18.4404 0.888697 0.458485 0.00300996 35.206 -0.0150065 0.022525 0.999634 0.972539
0.457725 -0.888543 0.0313008 19.3176 0.889006 0.45789 -0.00209638 36.9256 -0.0124696 0.0287862 0.999508 0.970596
0.455556 -0.889412 0.0376093 20.1889 0.890038 0.455886 0.000222033 38.6422 -0.017343 0.0333726 0.999292 0.966271
0.454281 -0.889879 0.0417669 21.0411 0.890507 0.45492 0.00677397 40.3605 -0.0250286 0.0341164 0.999104 0.949994
0.45201 -0.891361 0.0341054 21.8769 0.891895 0.452241 -0.00105802 42.0336 -0.0144808 0.0308967 0.999418 0.936933
0.450045 -0.892618 0.0263001 22.6904 0.892959 0.450128 -0.00301713 43.6745 -0.00914528 0.0248428 0.99965 0.937758
0.447878 -0.893798 0.0230344 23.4796 0.893989 0.448072 0.00382902 45.2797 -0.0137435 0.0188776 0.999727 0.953644
0.445318 -0.895111 0.0216298 24.2417 0.89527 0.445503 0.00440796 46.8329 -0.0135817 0.0174016 0.999756 0.95888
0.442482 -0.896522 0.0213889 24.9778 0.89665 0.442695 0.00631708 48.3407 -0.0151322 0.0163832 0.999751 0.967208
0.439833 -0.897828 0.0212625 25.6883 0.897899 0.440096 0.009632 49.8047 -0.0180054 0.0148552 0.999728 0.970087
0.436914 -0.899266 0.020642 26.3741 0.89917 0.437262 0.0171682 51.2261 -0.0244647 0.0110597 0.99964 0.97354
0.43336 -0.901165 0.0100176 27.3205 0.901184 0.433416 0.00419068 53.2187 -0.0081183 0.00721165 0.999941 0.982967
0.431014 -0.902307 0.00832683 28.1876 0.902265 0.43108 0.0093422 55.0645 -0.0120191 0.0034864 0.999922 1.0177
0.430764 -0.902334 0.0153412 28.9964 0.902464 0.430681 -0.00849074 56.7245 0.00105433 0.0175024 0.999846 1.05119
0.440705 -0.897562 0.0127338 29.7352 0.89764 0.440727 -0.00119749 58.2723 -0.0045373 0.0119581 0.999918 1.08842
0.461278 -0.88698 0.0221267 30.4729 0.88716 0.461451 0.00315721 59.6811 -0.0130108 0.0181736 0.99975 1.12076
0.508188 -0.861129 0.0141989 31.1777 0.861115 0.508329 0.00909049 60.9658 -0.0150458 0.0076072 0.999858 1.13518
0.609773 -0.792268 0.0221172 32.2384 0.792239 0.61009 0.0121427 62.4275 -0.0231138 0.0101178 0.999682 1.14462
0.747152 -0.664378 0.0191339 33.4569 0.664251 0.747392 0.0132648 63.6 -0.0231134 0.00279893 0.999729 1.14312
0.886216 -0.462951 0.017243 34.8315 0.462865 0.886384 0.00890949 64.3609 -0.0194086 8.54526e-05 0.999812 1.11945
0.985751 -0.166518 0.0237963 36.687 0.166369 0.98603 0.00810082 64.7382 -0.0248128 -0.00402643 0.999684 1.09223
0.989938 0.139744 0.0222328 38.9333 -0.139551 0.990164 -0.0100372 64.4777 -0.0234167 0.00683357 0.999702 1.0471
0.955514 0.294455 0.0169702 40.8137 -0.294583 0.95561 0.00549768 63.9366 -0.0145981 -0.0102522 0.999841 1.03303
0.928186 0.372088 -0.00458592 42.3897 -0.372094 0.928195 -0.000557146 63.2654 0.00404932 0.00222353 0.999989 0.985585
0.90594 0.423367 0.00577645 44.127 -0.423326 0.905949 -0.00711225 62.4214 -0.00824427 0.00399795 0.999958 0.996798
0.894941 0.446182 0.00121058 45.529 -0.446134 0.894878 -0.0125573 61.6684 -0.00668617 0.010698 0.99992 0.989972
0.887265 0.461253 -0.00249977 47.0653 -0.461235 0.88715 -0.0150448 60.8283 -0.00472177 0.0145017 0.999884 0.971901
0.882472 0.470351 -0.0035266 48.7281 -0.470327 0.882283 -0.0192181 59.879 -0.00592781 0.0186181 0.999809 0.95478
0.882598 0.470059 -0.00803764 50.5154 -0.470084 0.882156 -0.0286666 58.8401 -0.00638456 0.0290795 0.999557 0.933052
0.885769 0.464022 -0.00985964 51.79 -0.464089 0.885224 -0.0316099 58.1201 -0.00593969 0.0325748 0.999452 0.920137
0.889304 0.457249 -0.0078632 53.1351 -0.457232 0.888677 -0.0345282 57.3896 -0.00880015 0.0343014 0.999373 0.915742
0.892964 0.450118 -0.00308567 54.5401 -0.449967 0.89244 -0.0328716 56.6549 -0.0120423 0.0307416 0.999455 0.905893
0.896258 0.443509 -0.00452746 55.9749 -0.44346 0.895881 -0.0272158 55.9229 -0.00801441 0.0264002 0.999619 0.90124
0.896741 0.44247 -0.00868852 57.4293 -0.442555 0.896597 -0.016114 55.1922 0.000660127 0.0182952 0.999832 0.899904
0.896735 0.44255 -0.00391315 58.8951 -0.442563 0.896651 -0.0124756 54.4512 -0.00201234 0.0129191 0.999915 0.918453
0.896743 0.442549 -0.00169503 60.3546 -0.442536 0.896669 -0.012117 53.7032 -0.0038425 0.011616 0.999925 0.936559
0.896632 0.442777 -0.000283848 61.809 -0.442764 0.896602 -0.00809987 52.9587 -0.00333193 0.00738828 0.999967 0.958061
0.894887 0.446291 0.0015705 63.2596 -0.446287 0.894887 -0.00238076 52.2195 -0.00246793 0.00142961 0.999996 0.975218
0.890962 0.454016 0.00744037 64.7055 -0.454031 0.890986 0.000273789 51.4702 -0.00650496 -0.00362209 0.999972 0.995042
0.884616 0.466183 0.0113023 66.1344 -0.466229 0.884662 0.00172546 50.6997 -0.00919434 -0.00679583 0.999935 1.01134
0.875687 0.482772 0.0101297 67.5321 -0.482821 0.875714 0.0029231 49.9069 -0.00745955 -0.00745057 0.999944 1.0212
0.8653 0.501103 0.0123362 68.9017 -0.501161 0.865352 0.00196827 49.0929 -0.00968888 -0.00788559 0.999922 1.03368
0.853883 0.520312 0.0126059 70.2415 -0.52036 0.853947 0.000536795 48.2519 -0.0104855 -0.00701795 0.99992 1.0388
0.842287 0.538906 0.0115776 71.5451 -0.538959 0.84233 0.00186268 47.3964 -0.00874834 -0.00780875 0.999931 1.04516
0.831328 0.555699 0.00961705 72.8082 -0.555737 0.831356 0.00175505 46.5269 -0.00701991 -0.00680358 0.999952 1.05122
0.820487 0.571596 0.00884968 74.0297 -0.571627 0.820512 0.00125124 45.6484 -0.00654607 -0.00608535 0.99996 1.0604
0.811016 0.584957 0.00883114 75.2104 -0.584966 0.811056 -0.00187593 44.7631 -0.00825989 -0.0036445 0.999959 1.07106
0.805348 0.59274 0.00859273 76.3534 -0.592679 0.805392 -0.00871525 43.881 -0.0120864 0.00192609 0.999925 1.08165
0.801807 0.597518 0.00882531 77.9971 -0.59741 0.801843 -0.0122068 42.6081 -0.0143703 0.0045152 0.999887 1.08618
0.806624 0.591044 0.00494145 79.5275 -0.590957 0.806609 -0.0123398 41.4305 -0.0112792 0.00703338 0.999912 1.08989
0.824868 0.565305 0.00485421 80.9552 -0.565239 0.824862 -0.0103981 40.4044 -0.00988212 0.00583324 0.999934 1.10123
0.857705 0.514142 0.000253803 82.3213 -0.514137 0.857699 -0.00384318 39.5558 -0.00219362 0.00316582 0.999993 1.12195
0.903569 0.42844 0.00130972 83.7202 -0.428437 0.903569 -0.00195541 38.845 -0.0020212 0.00120572 0.999997 1.14332
0.967247 0.253282 0.0167878 85.6656 -0.253335 0.967378 0.00112241 38.2223 -0.0159559 -0.0053386 0.999858 1.17761
0.998233 -0.059423 -0.00021208 88.048 0.0594216 0.998224 -0.00423819 38.1121 0.00046355 0.0042181 0.999991 1.19536
0.945643 -0.325204 -0.00100281 89.8369 0.325193 0.94563 -0.00584929 38.617 0.00285049 0.00520523 0.999982 1.22127
0.835033 -0.549892 0.0183836 91.4389 0.549886 0.835219 0.00581752 39.5965 -0.0185533 0.00525106 0.999814 1.25522
0.733915 -0.679172 0.00974195 92.8541 0.678953 0.733946 0.0185945 40.9114 -0.0197789 -0.00703245 0.99978 1.23586
0.69637 -0.717566 0.012937 93.8985 0.717434 0.69649 0.013806 41.9783 -0.0189172 -0.000332619 0.999821 1.22068
0.682447 -0.730926 -0.00361035 94.9592 0.730801 0.68222 0.0224837 43.1492 -0.0139709 -0.0179824 0.999741 1.19744
0.686464 -0.727103 -0.00938817 96.1076 0.72716 0.686364 0.01191 44.3563 -0.00221612 -0.0150025 0.999885 1.19382
0.696815 -0.717082 -0.0155479 97.3361 0.717249 0.696608 0.0170418 45.647 -0.00138954 -0.0230267 0.999734 1.1975
0.705561 -0.708649 -0.00018847 98.6868 0.708453 0.705359 0.0237199 46.9886 -0.0166762 -0.0168694 0.999719 1.20653
0.708178 -0.706029 0.00256894 100.104 0.705971 0.708158 0.0108213 48.3732 -0.00945941 -0.00584984 0.999938 1.19412
0.704315 -0.709869 -0.00505805 101.574 0.709887 0.70429 0.00596045 49.8493 -0.000668811 -0.00778868 0.999969 1.18805
0.701173 -0.71297 0.00553636 102.61 0.712838 0.701162 0.0152713 50.8917 -0.0147699 -0.00676132 0.999868 1.19892
0.698437 -0.715663 -0.00355265 103.644 0.715603 0.698292 0.017337 51.9688 -0.00992669 -0.0146511 0.999843 1.19522
0.692861 -0.721018 -0.00872216 104.711 0.72107 0.692791 0.00991408 53.0702 -0.0011056 -0.0131584 0.999913 1.18842
0.687464 -0.726214 -0.00261907 105.813 0.726208 0.68743 0.0079381 54.213 -0.00396433 -0.00735914 0.999965 1.19579
0.684879 -0.728648 0.00373273 106.944 0.728595 0.684878 0.00951302 55.4032 -0.00948811 -0.00379561 0.999948 1.20092
0.683894 -0.72953 0.00862039 108.094 0.72948 0.683948 0.00856963 56.6168 -0.0121477 0.000427686 0.999926 1.20054
0.684698 -0.728824 -0.00182606 109.237 0.72879 0.684637 0.0116759 57.8535 -0.00725946 -0.00932525 0.99993 1.20046
0.687103 -0.726438 -0.0133172 110.392 0.726532 0.6868 0.0213873 59.1089 -0.00639032 -0.0243706 0.999683 1.20209
0.691292 -0.722424 -0.0147982 111.575 0.722524 0.690855 0.0260375 60.3623 -0.0085867 -0.0286916 0.999551 1.21033
0.693529 -0.72035 -0.0106609 112.784 0.720402 0.693297 0.0189984 61.619 -0.00629433 -0.0208561 0.999763 1.1993
0.694905 -0.719087 -0.00456677 114.001 0.719075 0.694812 0.0129308 62.8719 -0.00612531 -0.0122695 0.999906 1.19476
0.696309 -0.717729 -0.00431309 115.205 0.717623 0.696072 0.0223875 64.1409 -0.0130659 -0.0186838 0.99974 1.18847
0.697919 -0.716149 -0.00639375 116.404 0.716053 0.697604 0.0248192 65.3731 -0.013314 -0.0219001 0.999672 1.19609
0.69799 -0.715968 -0.0141238 117.601 0.71602 0.698077 -0.00181559 66.5452 0.0111594 -0.00884568 0.999899 1.21308
0.696416 -0.717614 0.0058805 118.818 0.717457 0.696401 0.016788 67.7675 -0.0161425 -0.00747242 0.999842 1.23994
0.694823 -0.719057 0.0133444 120.012 0.718586 0.694884 0.0277578 68.9744 -0.0292322 -0.00969763 0.999526 1.24559
0.693442 -0.720485 -0.00626794 121.17 0.720499 0.69335 0.0121499 70.1406 -0.00440793 -0.0129413 0.999907 1.21039
0.690135 -0.723677 -0.00226695 122.337 0.723654 0.690079 0.0107228 71.3252 -0.00619546 -0.00904065 0.99994 1.21119
0.68406 -0.729413 -0.0043834 123.471 0.729423 0.684026 0.00715087 72.5107 -0.00221758 -0.00808898 0.999965 1.18523
0.68005 -0.733051 -0.0129808 124.581 0.733165 0.679909 0.0139196 73.7115 -0.00137798 -0.0189831 0.999819 1.17418
0.677612 -0.735358 -0.00947762 125.702 0.735371 0.677363 0.020222 74.9098 -0.00845059 -0.0206722 0.999751 1.17238
0.674779 -0.737967 -0.0087657 126.811 0.737999 0.674625 0.0154428 76.0973 -0.0054827 -0.0168895 0.999842 1.16913
0.66664 -0.745359 -0.00556148 127.904 0.74538 0.666615 0.00574431 77.2834 -0.000574209 -0.0079748 0.999968 1.16228
0.656858 -0.754005 0.00365328 128.983 0.75389 0.65683 0.0149625 78.5133 -0.0136814 -0.00707409 0.999881 1.16956
0.650338 -0.759597 0.00849391 130.031 0.759184 0.650292 0.027575 79.7613 -0.0264695 -0.0114847 0.999584 1.15712
0.641802 -0.766867 -0.00232575 131.052 0.766783 0.64168 0.0170475 80.9925 -0.0115808 -0.0127245 0.999852 1.13535
0.631631 -0.775265 -0.00238205 132.08 0.775252 0.631594 0.00853822 82.2442 -0.00511489 -0.0072397 0.999961 1.11909
0.619425 -0.784982 -0.0107686 133.084 0.785014 0.619193 0.0187637 83.5418 -0.00806135 -0.0200762 0.999766 1.12247
0.604769 -0.796231 -0.0164353 134.078 0.796401 0.604651 0.0119505 84.8302 0.000422266 -0.0203164 0.999794 1.11094
0.591972 -0.805822 -0.0148115 135.054 0.80592 0.591666 0.0205886 86.163 -0.00782725 -0.0241247 0.999678 1.10339
0.579275 -0.815044 -0.0119648 136.005 0.814943 0.578763 0.0300314 87.5193 -0.0175522 -0.0271471 0.999477 1.09898
0.570413 -0.82128 -0.0113484 136.942 0.82116 0.569917 0.029825 88.8745 -0.018027 -0.0263314 0.999491 1.08823
0.5638 -0.82548 -0.026702 137.844 0.825887 0.563242 0.025871 90.2382 -0.00631631 -0.0366389 0.999309 1.07791
0.55894 -0.828737 -0.027945 138.753 0.829165 0.558246 0.0291214 91.6218 -0.00853377 -0.0394481 0.999185 1.0615
0.554379 -0.831986 -0.021538 139.666 0.831852 0.553104 0.0457986 93.0292 -0.026191 -0.0433062 0.998719 1.04429
0.546113 -0.837544 -0.0167311 140.569 0.837561 0.545528 0.0298439 94.3972 -0.0158683 -0.0303114 0.999415 1.01583
0.534517 -0.844957 -0.0184232 141.448 0.845099 0.534094 0.0234955 95.787 -0.010013 -0.0281281 0.999554 0.981164
0.521929 -0.852946 -0.00859364 142.326 0.85276 0.521529 0.028426 97.209 -0.019764 -0.0221647 0.999559 0.960266
0.51174 -0.859131 0.00403089 143.201 0.858834 0.511677 0.0243098 98.6468 -0.0229478 -0.00897842 0.999696 0.931602
0.500526 -0.865702 0.00573945 144.046 0.86569 0.500554 0.0052588 100.081 -0.00742546 0.00233641 0.99997 0.903661
0.488948 -0.872196 0.0143234 144.887 0.872282 0.489004 0.000489937 101.539 -0.00743152 0.0122545 0.999897 0.886892
0.479777 -0.877323 0.0109338 145.688 0.876904 0.479888 0.0273332 103.059 -0.0292271 -0.00352594 0.999567 0.877508
0.474836 -0.880064 0.00415049 146.474 0.879907 0.474833 0.0172775 104.546 -0.0171761 -0.00455196 0.999842 0.846295
0.470778 -0.882171 -0.0119553 147.246 0.882244 0.470676 0.0104341 106.046 -0.00357755 -0.0154597 0.999874 0.826347
0.46793 -0.883765 -0.000426437 148.056 0.883621 0.467845 0.0183311 107.563 -0.0160008 -0.00895446 0.999832 0.821311
0.466708 -0.88441 0.001432 148.851 0.884161 0.466614 0.0230248 109.089 -0.0210315 -0.00947974 0.999734 0.817662
0.46319 -0.886257 0.0016607 149.647 0.886257 0.463192 0.00141763 110.585 -0.00202561 0.000815173 0.999998 0.809259
0.460148 -0.887785 0.0100835 150.45 0.887842 0.460131 -0.00409455 112.095 -0.00100464 0.0108366 0.999941 0.814466
0.457335 -0.88923 0.0106718 151.225 0.889148 0.457445 0.0126955 113.626 -0.016171 0.00368274 0.999862 0.830178
0.456528 -0.889679 0.00734032 151.996 0.889689 0.456557 0.00293701 115.115 -0.00596427 0.00518978 0.999969 0.825028
0.45591 -0.890026 -0.000249172 152.749 0.889986 0.455887 0.0095805 116.621 -0.0084133 -0.00458961 0.999954 0.827671
0.454811 -0.890582 -0.00324869 153.503 0.890472 0.454689 0.0178245 118.119 -0.014397 -0.0109996 0.999836 0.829879
0.453837 -0.891061 -0.00641902 154.244 0.891002 0.453686 0.0168648 119.605 -0.0121154 -0.0133732 0.999837 0.826063
0.451892 -0.891984 -0.0125562 154.967 0.892058 0.451758 0.0121378 121.065 -0.00515431 -0.0166858 0.999847 0.814929
0.457095 -0.88932 -0.0131985 155.612 0.88941 0.456976 0.0111262 122.329 -0.00386334 -0.0168246 0.999851 0.802291
0.462457 -0.886534 -0.0138086 156.256 0.886638 0.462354 0.0101044 123.59 -0.00257346 -0.0169161 0.999854 0.789658
0.467801 -0.883716 -0.0144314 156.9 0.883833 0.467715 0.00909056 124.85 -0.00128368 -0.0170075 0.999855 0.777025
0.475785 -0.879427 -0.0153896 157.866 0.879561 0.475725 0.00758443 126.74 0.000651267 -0.0171446 0.999853 0.758069
0.483728 -0.875065 -0.0163761 158.832 0.875214 0.483697 0.00609663 128.63 0.0025861 -0.0172817 0.999847 0.73911
0.491628 -0.870632 -0.0173904 159.798 0.870794 0.491627 0.0046278 130.52 0.00452048 -0.0174186 0.999838 0.720152
0.505455 -0.862776 -0.011522 160.763 0.862853 0.505396 0.00779032 132.285 -0.000898152 -0.0138794 0.999903 0.716566
0.518523 -0.855051 0.00457474 161.763 0.854998 0.518542 0.00964936 133.925 -0.0106229 -0.00109202 0.999943 0.731535
0.518562 -0.855031 0.0039838 162.757 0.854904 0.518557 0.0154322 135.582 -0.0152609 -0.00459682 0.999873 0.720295
0.518033 -0.85525 -0.0137639 163.733 0.855344 0.517854 0.0146385 137.28 -0.00539191 -0.0193561 0.999798 0.69964
0.50999 -0.860089 -0.0125589 164.744 0.860174 0.50999 0.00343037 138.992 0.0034545 -0.0125523 0.999915 0.684501
0.498949 -0.866598 0.00759263 165.767 0.865979 0.498894 0.0344371 140.794 -0.0336311 -0.0106073 0.999378 0.68828
0.490949 -0.871188 -0.000545357 166.765 0.871014 0.490839 0.0202816 142.536 -0.0174014 -0.0104322 0.999794 0.672138
0.487905 -0.872815 0.0119563 167.474 0.872767 0.488023 0.0105799 143.667 -0.0150692 0.00527312 0.999873 0.678983
0.484847 -0.874227 0.0255255 168.181 0.874283 0.485249 0.0127091 144.839 -0.0234969 0.0161546 0.999593 0.695307
0.482197 -0.87536 0.0350832 169.223 0.875955 0.48238 -0.00363236 146.595 -0.0137438 0.0324828 0.999378 0.718897
0.480512 -0.87597 0.0422386 169.91 0.876742 0.48096 0.000508539 147.788 -0.0207606 0.036788 0.999107 0.728041
0.479536 -0.87643 0.0437582 170.92 0.877387 0.479741 -0.00637946 149.558 -0.0154014 0.041452 0.999022 0.732414
0.480078 -0.876568 0.0339564 171.885 0.877226 0.479722 -0.0184972 151.295 -7.55899e-05 0.0386675 0.999252 0.739612
0.478478 -0.876823 0.0473222 172.831 0.877889 0.478849 -0.00388655 152.979 -0.0192524 0.0434032 0.998872 0.761291
0.471443 -0.880091 0.0564052 173.7 0.881526 0.472135 -0.00119875 154.533 -0.0255758 0.0502877 0.998407 0.752718
0.443445 -0.894325 0.0594947 174.448 0.896186 0.443477 -0.0133971 155.95 -0.0144032 0.0592592 0.998139 0.72759
0.358758 -0.931201 0.064476 175.25 0.933341 0.358823 -0.0109703 157.825 -0.0129199 0.0641138 0.997859 0.693066
0.21335 -0.975516 0.0533806 175.734 0.976967 0.212793 -0.0159681 159.691 0.00421808 0.0555578 0.998447 0.683857
-0.0435327 -0.999052 0.000146255 175.711 0.998982 -0.0435314 -0.0118618 161.942 0.0118569 -0.00037027 0.99993 0.706952
-0.269059 -0.962692 -0.028815 175.264 0.96293 -0.269485 0.0120093 163.606 -0.0193265 -0.0245156 0.999513 0.704197
-0.475851 -0.878577 -0.0408379 174.5 0.878779 -0.476847 0.0190681 165.067 -0.0362263 -0.0268139 0.998984 0.667778
-0.662158 -0.749115 -0.0193228 173.451 0.749107 -0.662386 0.00914668 166.351 -0.0196511 -0.00841828 0.999771 0.588618
-0.787783 -0.615629 -0.0199617 172.01 0.61566 -0.787994 0.00526563 167.528 -0.0189714 -0.00814145 0.999787 0.53818
-0.840603 -0.541393 -0.0167251 170.738 0.541494 -0.840702 -0.00190979 168.343 -0.0130269 -0.0106619 0.999858 0.49504
-0.870059 -0.492638 -0.0174538 169.328 0.492854 -0.870037 -0.0114112 169.127 -0.00956392 -0.0185306 0.999783 0.465533
-0.880395 -0.473995 -0.0152802 167.789 0.474207 -0.880262 -0.0163413 169.944 -0.00570481 -0.0216328 0.99975 0.436106
-0.881949 -0.471073 -0.0159941 166.105 0.471292 -0.881849 -0.0150536 170.836 -0.00701307 -0.0208144 0.999759 0.410591
-0.881799 -0.471521 -0.00995681 164.268 0.471619 -0.881704 -0.0131834 171.752 -0.00256272 -0.0163209 0.999864 0.362084
-0.881921 -0.471334 -0.00769948 162.946 0.471397 -0.881809 -0.014032 172.357 -0.000175719 -0.0160046 0.999872 0.31275
-0.88143 -0.472251 -0.00775246 161.549 0.472314 -0.881334 -0.0130666 173.025 -0.000661786 -0.0151789 0.999885 0.277327
-0.880554 -0.473916 -0.00541918 160.108 0.473946 -0.880515 -0.00825693 173.753 -0.000858583 -0.00983907 0.999951 0.269657
-0.879879 -0.475156 -0.00628484 158.612 0.475188 -0.879867 -0.00540313 174.518 -0.0029625 -0.00774058 0.999966 0.264429
-0.879418 -0.475883 -0.0126229 157.071 0.475904 -0.879496 0.00142786 175.322 -0.0117813 -0.00475162 0.999919 0.25829
-0.879807 -0.475199 -0.0112393 155.532 0.475217 -0.879868 0.00121722 176.121 -0.0104675 -0.00427018 0.999936 0.24503
-0.881609 -0.471959 -0.00454887 153.995 0.471957 -0.88162 0.00146887 176.923 -0.00470362 -0.000851902 0.999989 0.233941
-0.8844 -0.466579 -0.0118786 152.441 0.466483 -0.884473 0.0100006 177.73 -0.0151724 0.00330332 0.999879 0.228248
-0.886882 -0.461791 -0.0137287 150.898 0.46159 -0.886957 0.0155527 178.55 -0.0193588 0.00745642 0.999785 0.19613
-0.888845 -0.458089 -0.010428 149.361 0.457964 -0.888885 0.0123506 179.383 -0.014927 0.00620208 0.999869 0.150801
-0.890377 -0.455143 -0.00858529 147.817 0.455057 -0.890403 0.0102597 180.194 -0.012314 0.00522821 0.999911 0.1098
-0.891162 -0.453589 -0.00930992 146.25 0.453599 -0.891205 0.00113323 180.999 -0.00881107 -0.00321308 0.999956 0.0705704
-0.891058 -0.453832 -0.00723489 144.688 0.453869 -0.891057 -0.00456026 181.802 -0.00437711 -0.00734714 0.999963 0.055699
-0.889352 -0.457154 -0.00794224 143.147 0.457195 -0.889356 -0.00435937 182.611 -0.00507057 -0.00750816 0.999959 0.0629145
-0.887435 -0.460866 -0.00780755 141.627 0.460884 -0.887461 -0.000495717 183.434 -0.00670043 -0.00403829 0.999969 0.0565228
-0.885859 -0.46393 -0.00471351 140.13 0.46387 -0.885847 0.00998167 184.251 -0.00880625 0.0066559 0.999939 0.0476158
-0.884114 -0.467259 -0.00340302 138.64 0.467223 -0.884103 0.0080394 185.042 -0.00676511 0.00551778 0.999962 0.0488608
-0.883845 -0.467768 -0.00325776 137.171 0.467671 -0.883768 0.0153945 185.846 -0.0100801 0.0120828 0.999876 0.0590464
-0.884706 -0.466025 -0.0108126 135.703 0.465845 -0.884728 0.0156759 186.621 -0.0168716 0.00883159 0.999819 0.0761743
-0.887159 -0.461389 -0.00830252 134.256 0.461287 -0.887173 0.0117632 187.382 -0.0127932 0.00660594 0.999896 0.09251
-0.890862 -0.454252 -0.00450388 132.817 0.454212 -0.89086 0.00774768 188.123 -0.00753172 0.0048564 0.99996 0.110081
-0.8953 -0.445423 -0.00611132 131.372 0.445403 -0.89532 0.00433196 188.848 -0.00740114 0.0011564 0.999972 0.117339
-0.899202 -0.437363 -0.0122059 129.93 0.437371 -0.899278 0.00215366 189.545 -0.0119185 -0.00340195 0.999923 0.12896
-0.902243 -0.430875 -0.0174174 128.497 0.431013 -0.902332 -0.00490985 190.204 -0.0136007 -0.011937 0.999836 0.143352
-0.903719 -0.427651 -0.0201494 127.092 0.427955 -0.903688 -0.014265 190.843 -0.0121083 -0.0215146 0.999695 0.156553
-0.90434 -0.426128 -0.0241558 125.722 0.426598 -0.904229 -0.0195833 191.468 -0.0134974 -0.0280147 0.999516 0.176155
-0.904075 -0.426453 -0.0280333 123.768 0.427146 -0.903787 -0.0267543 192.364 -0.0139266 -0.0361622 0.999249 0.207423
-0.901221 -0.432174 -0.0320481 121.941 0.433043 -0.900925 -0.0284283 193.222 -0.016587 -0.0394984 0.999082 0.23446
-0.897575 -0.439881 -0.0293785 120.248 0.440658 -0.897189 -0.029528 194.044 -0.0133693 -0.0394495 0.999132 0.246672
-0.893024 -0.449022 -0.0297765 118.674 0.449782 -0.892718 -0.0274071 194.821 -0.0142756 -0.0378682 0.999181 0.254026
-0.887159 -0.460515 -0.0295847 117.253 0.46125 -0.886877 -0.0264205 195.55 -0.0140709 -0.0370851 0.999213 0.268445
-0.878667 -0.47635 -0.03217 115.582 0.477101 -0.878576 -0.0218789 196.443 -0.0178417 -0.0345726 0.999243 0.278205
-0.868181 -0.495192 -0.0323594 114.172 0.495868 -0.868222 -0.0174928 197.249 -0.0194328 -0.0312329 0.999323 0.29024
-0.854982 -0.517892 -0.0281614 112.797 0.518384 -0.855033 -0.0139911 198.097 -0.0168331 -0.0265605 0.999505 0.307083
-0.844796 -0.534931 -0.0129679 111.54 0.535084 -0.844643 -0.0162345 198.936 -0.00226894 -0.0206538 0.999784 0.357623
-0.814431 -0.580253 0.0028955 110.418 0.579958 -0.814158 -0.0282094 199.767 0.018726 -0.0212953 0.999598 0.361607
-0.726887 -0.686748 -0.00354065 109.294 0.686691 -0.726736 -0.017633 200.794 0.00953628 -0.0152485 0.999838 0.37547
-0.572701 -0.819708 -0.00959364 108.371 0.819738 -0.572737 0.00134831 202.052 -0.00659986 -0.0070921 0.999953 0.38607
-0.325604 -0.945488 -0.00585087 107.711 0.945455 -0.325645 0.00840422 203.694 -0.00985139 -0.00279529 0.999948 0.383578
-0.010375 -0.999946 -0.000384969 107.564 0.999942 -0.0103761 0.00285031 205.713 -0.00285415 -0.000355375 0.999996 0.355925
0.213863 -0.976815 0.00973265 107.932 0.976863 0.213865 -0.000833224 207.584 -0.00126757 0.00968566 0.999952 0.352081
0.33907 -0.940707 0.0101271 108.476 0.940757 0.339082 -0.00053378 209.117 -0.00293178 0.00970811 0.999949 0.354519
0.415615 -0.909386 0.0167843 109.233 0.909519 0.415662 -0.000730026 210.742 -0.00631272 0.015569 0.999859 0.354533
0.451829 -0.891877 0.0201317 110.127 0.892071 0.451894 -0.00148813 212.475 -0.00777016 0.0186313 0.999796 0.346142
0.469327 -0.882796 0.0200949 111.126 0.88301 0.469328 -0.00497459 214.312 -0.00503955 0.0200787 0.999786 0.3352
0.473585 -0.880485 0.0215475 111.837 0.880724 0.473613 -0.00411163 215.603 -0.00658494 0.0209246 0.999759 0.330407
0.47506 -0.879625 0.0240515 112.579 0.879879 0.475197 8.22451e-06 216.96 -0.0114365 0.0211585 0.999711 0.31917
0.473371 -0.880507 0.0250465 113.352 0.880793 0.473502 -0.000803936 218.363 -0.0111517 0.0224413 0.999686 0.296496
0.470778 -0.882017 0.0203783 114.146 0.88225 0.470699 -0.00881231 219.811 -0.00181943 0.0221274 0.999753 0.266567
0.470476 -0.882294 0.0144647 114.962 0.882408 0.470358 -0.0109453 221.318 0.00285339 0.0179133 0.999835 0.250224
0.470737 -0.881986 0.0225241 115.812 0.882168 0.470921 0.00342347 222.881 -0.0136265 0.0182585 0.99974 0.241404
0.470317 -0.882005 0.0294822 116.685 0.882316 0.470635 0.00453272 224.474 -0.0178732 0.0238808 0.999555 0.220035
0.468564 -0.883009 0.0272532 117.575 0.883424 0.468446 -0.0109602 226.097 -0.00308865 0.0292117 0.999568 0.187251
0.466989 -0.883926 0.0244012 118.479 0.884259 0.466721 -0.0160718 227.774 0.00281776 0.0290823 0.999573 0.17919
0.46603 -0.884425 0.0246693 119.402 0.884756 0.46599 -0.0077315 229.51 -0.0046577 0.0254294 0.999666 0.181887
0.466729 -0.883908 0.0295195 120.36 0.884247 0.467009 0.00303397 231.277 -0.0164676 0.0246865 0.99956 0.174785
0.46748 -0.883502 0.0297649 121.332 0.883941 0.467583 -0.00382929 233.047 -0.0105344 0.0281005 0.99955 0.154554
0.467017 -0.883765 0.0292284 122.317 0.884236 0.466933 -0.0100367 234.85 -0.00477764 0.0305321 0.999522 0.144414
0.465229 -0.884608 0.0320999 123.315 0.885156 0.465223 -0.00811631 236.682 -0.00775387 0.0321894 0.999452 0.137896
0.46199 -0.886219 0.0343719 124.315 0.886823 0.462071 -0.00602767 238.535 -0.0105404 0.0332665 0.999391 0.130256
0.459306 -0.887728 0.0312637 125.311 0.888278 0.458999 -0.0168059 240.385 0.000569052 0.0354899 0.99937 0.122229
0.456876 -0.889041 0.0295089 126.308 0.88953 0.456614 -0.0154654 242.261 0.00027521 0.0333148 0.999445 0.136177
0.45432 -0.890307 0.0307749 127.307 0.8908 0.454349 -0.00643358 244.146 -0.00825471 0.0303372 0.999506 0.14358
0.452502 -0.891275 0.0295033 128.294 0.891669 0.452687 -0.000455232 246.021 -0.01295 0.0265131 0.999565 0.140188
0.452814 -0.891132 0.0290409 129.273 0.891547 0.452916 -0.00334823 247.874 -0.0101693 0.0274074 0.999573 0.127844
0.452936 -0.891158 0.0262045 130.244 0.891538 0.452836 -0.00994415 249.712 -0.00300455 0.0278664 0.999607 0.124239
0.453283 -0.891011 0.0251858 131.21 0.891363 0.453184 -0.0098017 251.547 -0.00268041 0.0268927 0.999635 0.132356
0.4541 -0.890635 0.023706 132.161 0.890919 0.454149 -0.00361293 253.377 -0.00754824 0.0227607 0.999712 0.147453
0.454823 -0.890288 0.0228726 133.104 0.890505 0.454971 0.00144271 255.203 -0.0116908 0.019712 0.999737 0.14819
0.455852 -0.889798 0.0213942 134.049 0.889881 0.456107 0.00882885 257.034 -0.0176139 0.0150136 0.999732 0.129999
0.456768 -0.889502 0.0122255 134.987 0.889552 0.456827 0.00237716 258.847 -0.0076994 0.00978938 0.999922 0.106887
0.457864 -0.889006 0.00545191 135.927 0.88901 0.457882 0.00251782 260.665 -0.00473469 0.00369398 0.999982 0.1001
0.458256 -0.888817 0.00244461 136.87 0.888811 0.458262 0.00332721 262.481 -0.00407755 0.000648084 0.999991 0.0978934
0.457756 -0.889065 0.00470898 137.834 0.88904 0.457779 0.00685082 264.303 -0.0082465 0.00105046 0.999965 0.0984457
0.457464 -0.889217 0.00451007 138.809 0.889184 0.457486 0.00762976 266.127 -0.00884781 0.00051994 0.999961 0.0902923
0.458948 -0.888451 0.00473357 139.791 0.888419 0.458972 0.00757537 267.965 -0.00890292 0.000728688 0.99996 0.0810871
0.45998 -0.887917 0.00466696 140.782 0.887891 0.460003 0.006882 269.819 -0.00825746 0.000978165 0.999965 0.0762689
0.461086 -0.887338 0.0055578 141.777 0.88731 0.461116 0.00724132 271.695 -0.0089883 0.00159262 0.999958 0.0740948
0.461521 -0.887129 0.000111039 142.772 0.887129 0.461521 0.000257166 273.585 -0.000279386 -2.01813e-05 1 0.0734411
0.46157 -0.887087 0.00539593 143.778 0.887063 0.461599 0.00678512 275.503 -0.00850975 0.00165472 0.999962 0.0892799
0.462335 -0.886671 0.00781614 144.781 0.886604 0.462397 0.011076 277.427 -0.0134349 0.00180901 0.999908 0.0992075
0.462819 -0.886395 0.0101128 145.781 0.886307 0.46292 0.0128632 279.345 -0.0160833 0.0030097 0.999866 0.101881
0.462553 -0.886517 0.0115301 146.779 0.886519 0.462642 0.00679548 281.242 -0.0113586 0.00707841 0.99991 0.102712
0.462001 -0.886765 0.0142409 147.775 0.886812 0.462105 0.00492688 283.136 -0.0109498 0.0103528 0.999886 0.107131
0.461697 -0.88677 0.0217708 148.764 0.886871 0.461947 0.00804731 285.04 -0.0171931 0.0155924 0.999731 0.11017
0.461235 -0.88689 0.0262334 149.737 0.887124 0.461504 0.0049773 286.931 -0.0165211 0.0209766 0.999643 0.109683
0.460942 -0.886996 0.027769 150.709 0.887371 0.461048 -0.00284303 288.799 -0.0102811 0.0259518 0.99961 0.106264
0.459564 -0.887571 0.0319156 151.663 0.888038 0.459769 -0.00103512 290.636 -0.013755 0.0288179 0.99949 0.118533
0.457608 -0.88835 0.0378115 152.6 0.888947 0.458006 0.00211454 292.439 -0.0191963 0.0326448 0.999283 0.123513
0.455629 -0.889206 0.0414139 153.525 0.889955 0.456048 0.000748647 294.208 -0.0195524 0.0365154 0.999142 0.119463
0.453893 -0.890097 0.04133 154.424 0.890912 0.454166 -0.00307446 295.954 -0.0160341 0.0382169 0.999141 0.112017
0.452389 -0.890949 0.039415 155.292 0.89169 0.452638 -0.00287179 297.662 -0.0152821 0.0364451 0.999219 0.108237
0.45135 -0.891513 0.0385685 156.138 0.892172 0.451695 0.000257589 299.336 -0.0176508 0.0342935 0.999256 0.110123
0.450958 -0.891884 0.0343409 156.955 0.892427 0.451191 -0.00106689 300.96 -0.0145428 0.0311278 0.99941 0.105773
0.452589 -0.891068 0.0340814 157.749 0.891613 0.452793 -0.00189693 302.524 -0.0137415 0.031246 0.999417 0.0993018
0.455495 -0.889523 0.0356871 158.52 0.890097 0.455771 -0.000469163 304.025 -0.0158478 0.0319787 0.999363 0.102656
0.458216 -0.888008 0.0384622 159.267 0.888672 0.458542 -0.000390071 305.445 -0.0172901 0.034359 0.99926 0.114089
0.460892 -0.886375 0.0437877 159.989 0.887206 0.461373 0.00098709 306.785 -0.0210774 0.0383937 0.99904 0.127301
0.464654 -0.884506 0.0417794 160.975 0.885264 0.465089 0.000784075 308.634 -0.0201246 0.0366214 0.999127 0.140229
0.468169 -0.882849 0.0373652 161.861 0.883553 0.468296 -0.00581959 310.293 -0.0123601 0.0357387 0.999285 0.153322
0.4666 -0.8835 0.0413852 162.665 0.884239 0.467035 0.000941278 311.788 -0.0201599 0.0361552 0.999143 0.175781
0.451524 -0.891599 0.0343093 163.338 0.892194 0.451621 -0.00531843 313.103 -0.0107529 0.0330119 0.999397 0.192971
0.391394 -0.919778 0.0286335 164.05 0.920203 0.391402 -0.00555556 314.748 -0.00609735 0.0285231 0.999575 0.229472
0.228284 -0.973177 0.0285086 164.631 0.973535 0.228496 0.00434692 316.839 -0.0107444 0.0267618 0.999584 0.283032
-0.0163437 -0.999701 0.0182131 164.707 0.999622 -0.0159341 0.0224091 318.938 -0.0221122 0.0185724 0.999583 0.321378
-0.249544 -0.968258 0.014309 164.352 0.967839 -0.248895 0.0365835 320.699 -0.0318608 0.022978 0.999228 0.308331
-0.488789 -0.871855 0.0308994 163.552 0.872018 -0.487215 0.0469685 322.447 -0.0258951 0.0499025 0.998418 0.274713
-0.656495 -0.753544 0.0344337 162.606 0.754308 -0.655437 0.0377101 323.614 -0.00584712 0.0507301 0.998695 0.277657
-0.790915 -0.611137 0.0310708 161.38 0.611912 -0.78953 0.0469775 324.656 -0.00417835 0.0561678 0.998413 0.287439
-0.870291 -0.492524 0.00373887 159.875 0.492426 -0.869906 0.0279225 325.483 -0.0105 0.0261418 0.999603 0.314171
-0.902676 -0.43011 -0.0134267 158.22 0.429691 -0.902605 0.0258867 326.272 -0.0232532 0.017598 0.999575 0.321109
-0.910732 -0.412947 0.00639503 156.506 0.412979 -0.910727 0.00488652 327.03 0.00380626 0.00709133 0.999968 0.315308
-0.909863 -0.414843 0.00735707 154.683 0.414907 -0.909757 0.0139115 327.876 0.000922073 0.0157101 0.999876 0.345439
-0.908533 -0.417802 0.0029648 152.762 0.417812 -0.908497 0.00813072 328.749 -0.00070352 0.00862575 0.999963 0.373304
-0.903386 -0.428828 0.00055057 150.742 0.428826 -0.903384 -0.00234893 329.672 0.00150466 -0.00188589 0.999997 0.398798
-0.899627 -0.4366 -0.00712574 149.328 0.436631 -0.899634 -0.00347465 330.35 -0.00489352 -0.00623721 0.999969 0.41857
-0.896773 -0.4424 -0.00900431 147.865 0.442454 -0.896777 -0.00512515 331.061 -0.00580749 -0.00858008 0.999946 0.427314
-0.893803 -0.448435 -0.00478643 146.358 0.44845 -0.893804 -0.00267681 331.826 -0.00307775 -0.00453901 0.999985 0.424042
-0.890886 -0.454042 -0.0129693 144.79 0.45405 -0.890973 0.00251356 332.628 -0.0126966 -0.00364943 0.999913 0.420136
-0.888194 -0.459129 -0.0176841 143.202 0.459051 -0.888369 0.00849628 333.462 -0.0196109 -0.000571546 0.999808 0.409369
-0.88596 -0.463506 -0.0153738 141.6 0.463517 -0.886083 0.00305959 334.303 -0.0150406 -0.00441535 0.999877 0.398559
-0.885261 -0.464975 -0.0105085 139.984 0.464978 -0.885319 0.00224514 335.164 -0.0103473 -0.0028987 0.999942 0.391983
-0.885736 -0.464047 -0.011537 138.348 0.464031 -0.885809 0.00413634 336.03 -0.0121391 -0.00168983 0.999925 0.393207
-0.886748 -0.462057 -0.0134728 136.717 0.462045 -0.886847 0.00417013 336.889 -0.0138751 -0.00252718 0.999901 0.390369
-0.88779 -0.459959 -0.0163142 135.087 0.46 -0.887918 0.0013704 337.737 -0.015116 -0.00628792 0.999866 0.387175
-0.888734 -0.458122 -0.0166193 133.468 0.458181 -0.888859 0.000251917 338.585 -0.0148876 -0.00739078 0.999862 0.386479
-0.890715 -0.454379 -0.012873 131.85 0.454422 -0.890786 -0.000484482 339.428 -0.0112469 -0.00628129 0.999917 0.37978
-0.893927 -0.447779 -0.019724 130.223 0.447854 -0.894106 0.000682468 340.258 -0.017941 -0.00822341 0.999805 0.375846
-0.897014 -0.441356 -0.0238768 128.598 0.441574 -0.897214 -0.00446729 341.062 -0.0194509 -0.0145506 0.999705 0.373514
-0.899294 -0.436868 -0.020405 126.982 0.437123 -0.899345 -0.0101237 341.852 -0.0139284 -0.0180237 0.999741 0.36598
-0.900588 -0.434363 -0.0164253 125.369 0.434536 -0.900611 -0.00887678 342.646 -0.010937 -0.0151317 0.999826 0.366283
-0.900535 -0.43424 -0.0217454 123.757 0.434463 -0.900665 -0.00664508 343.438 -0.0166997 -0.0154317 0.999741 0.378401
-0.898637 -0.438353 -0.0172936 122.161 0.438569 -0.898622 -0.0116325 344.226 -0.0104413 -0.0180378 0.999783 0.382716
-0.895207 -0.445119 -0.0217618 120.567 0.445448 -0.895205 -0.0135573 345.02 -0.0134467 -0.0218304 0.999671 0.390658
-0.890672 -0.45396 -0.024984 118.985 0.454357 -0.890722 -0.0132355 345.824 -0.0162454 -0.0231402 0.9996 0.391602
-0.885901 -0.46315 -0.0258892 117.424 0.463542 -0.885998 -0.0116716 346.643 -0.017532 -0.0223406 0.999597 0.387909
-0.881019 -0.472517 -0.0230866 115.882 0.472855 -0.881057 -0.0120879 347.471 -0.0146289 -0.0215663 0.99966 0.387765
-0.876095 -0.481686 -0.0209078 114.354 0.482001 -0.876058 -0.0140302 348.301 -0.0115583 -0.0223694 0.999683 0.395386
-0.871109 -0.490585 -0.0222461 112.839 0.490917 -0.871108 -0.0130514 349.151 -0.012976 -0.0222902 0.999667 0.401679
-0.866569 -0.498372 -0.0261442 111.337 0.498761 -0.86667 -0.0109691 350.013 -0.0171917 -0.0225452 0.999598 0.403653
-0.863306 -0.50404 -0.0254325 109.868 0.504321 -0.863497 -0.00576884 350.881 -0.0190532 -0.0178064 0.99966 0.406059
-0.861555 -0.507279 -0.0197686 108.457 0.507424 -0.861692 -0.00279858 351.722 -0.0156148 -0.0124422 0.999801 0.408122
-0.860845 -0.508586 -0.0169159 107.113 0.508642 -0.860977 0.00115155 352.527 -0.0151499 -0.00761284 0.999856 0.417039
-0.861432 -0.507727 -0.0121912 105.841 0.507721 -0.861513 0.00381139 353.29 -0.012438 -0.00290648 0.999918 0.428636
-0.866256 -0.499459 -0.0118802 104.072 0.499336 -0.866326 0.0119498 354.336 -0.0162606 0.0044194 0.999858 0.451444
-0.874914 -0.4842 -0.00870785 102.466 0.484059 -0.874917 0.0144099 355.246 -0.0145959 0.00839227 0.999858 0.464747
-0.88559 -0.464413 -0.00712091 100.891 0.464285 -0.885567 0.0145008 356.089 -0.0130404 0.00953566 0.99987 0.479539
-0.895323 -0.445401 -0.00371668 99.3223 0.445357 -0.895309 0.0089288 356.879 -0.00730447 0.00633892 0.999953 0.499274
-0.903468 -0.428635 0.00409223 97.7607 0.428652 -0.903454 0.00529472 357.64 0.00142764 0.00653776 0.999978 0.514127
-0.909786 -0.415052 0.00464871 96.1484 0.415059 -0.909794 0.00059666 358.384 0.00398173 0.00247232 0.999989 0.539546
-0.914473 -0.404615 0.00503125 94.4736 0.404594 -0.914484 -0.00475122 359.131 0.00652341 -0.00230925 0.999976 0.566805
-0.916278 -0.400493 0.00627489 92.738 0.400442 -0.916287 -0.00796731 359.897 0.00894045 -0.00478755 0.999949 0.588611
-0.916046 -0.401041 -0.00511291 90.9016 0.401069 -0.91602 -0.00713635 360.7 -0.00182156 -0.00858786 0.999961 0.604597
-0.91326 -0.406104 -0.0321616 88.9345 0.406396 -0.913692 -0.00283869 361.554 -0.028233 -0.0156628 0.999479 0.59401
-0.910567 -0.413097 -0.0147834 87.6004 0.413315 -0.910417 -0.0176315 362.147 -0.00617553 -0.0221649 0.999735 0.575209
-0.907126 -0.420509 -0.0171905 86.194 0.420776 -0.907005 -0.0170158 362.792 -0.00843661 -0.0226688 0.999707 0.540805
-0.902959 -0.427781 -0.0408524 84.7134 0.428354 -0.903591 -0.00602811 363.491 -0.0343352 -0.0229424 0.999147 0.531832
-0.900491 -0.434552 -0.0167289 83.2369 0.434796 -0.900392 -0.015697 364.205 -0.0082414 -0.0214087 0.999737 0.489575
-0.896961 -0.441949 -0.0118883 81.6894 0.442108 -0.89658 -0.0261873 364.951 0.000914645 -0.0287449 0.999586 0.470877
-0.891324 -0.452209 -0.0323692 80.0663 0.453087 -0.891007 -0.0286002 365.74 -0.0159079 -0.0401582 0.999067 0.466029
-0.885033 -0.465386 -0.0114989 78.4524 0.46546 -0.884216 -0.0388508 366.573 0.0079131 -0.0397366 0.999179 0.451233
-0.878456 -0.477821 -0.00135709 76.801 0.477628 -0.878011 -0.0311171 367.477 0.0136769 -0.0279832 0.999515 0.469073
-0.871852 -0.489407 -0.0188256 75.0908 0.489688 -0.871764 -0.0152718 368.424 -0.00893736 -0.0225334 0.999706 0.489786
-0.867378 -0.497439 -0.014474 73.3847 0.497617 -0.867289 -0.013658 369.38 -0.00575909 -0.0190492 0.999802 0.47948
-0.865995 -0.499947 -0.0102618 71.6703 0.500045 -0.865911 -0.0123766 370.367 -0.00269819 -0.0158494 0.999871 0.486917
-0.866063 -0.499801 -0.0115712 69.9427 0.499903 -0.866037 -0.00873027 371.361 -0.00565767 -0.0133454 0.999895 0.502311
-0.868268 -0.495762 -0.0181971 68.1993 0.495936 -0.868336 -0.00641265 372.348 -0.012622 -0.0145925 0.999814 0.511539
-0.871477 -0.490293 -0.0118786 66.4696 0.49039 -0.871472 -0.00732842 373.334 -0.00675883 -0.0122117 0.999903 0.510346
-0.87481 -0.484459 0.00249646 64.7552 0.484449 -0.874811 -0.00384065 374.317 0.00404457 -0.00215043 0.99999 0.50717
-0.877925 -0.478756 -0.0063663 63.0186 0.478732 -0.877947 0.00491146 375.291 -0.00794066 0.00126415 0.999968 0.514232
-0.880046 -0.474822 -0.00795431 61.2956 0.474836 -0.880075 0.00016734 376.226 -0.00707984 -0.00362972 0.999968 0.518553
-0.882118 -0.471001 -0.00508307 59.5798 0.471029 -0.882075 -0.00871938 377.135 -0.000376804 -0.0100858 0.999949 0.524669
-0.883963 -0.467534 -0.0045375 57.8717 0.467555 -0.883943 -0.00618172 378.056 -0.00112072 -0.00758594 0.999971 0.541866
-0.886429 -0.462684 -0.0129223 56.1594 0.462673 -0.88652 0.00404697 378.976 -0.0133284 -0.00239145 0.999908 0.553172
-0.889401 -0.456838 -0.0162644 54.4498 0.456798 -0.889548 0.00636163 379.874 -0.0173742 -0.0017715 0.999847 0.5467
-0.892161 -0.451671 -0.00650341 52.7528 0.451699 -0.892163 -0.0036543 380.74 -0.00415156 -0.0061978 0.999972 0.531909
