0.470459 -0.882287 0.0154489 0.674743 0.882411 0.47047 -0.00315605 0.560719 -0.00448371 0.0151171 0.999876 0.791167
0.468958 -0.883093 0.0150211 1.0944 0.883212 0.468959 -0.0036732 1.374 -0.0038005 0.0149894 0.99988 0.793338
0.468012 -0.88358 0.0158237 1.51505 0.883718 0.467988 -0.00541075 2.19038 -0.00262447 0.016516 0.99986 0.795812
0.467262 -0.883958 0.016851 1.94082 0.88411 0.467258 -0.00440531 3.01415 -0.00397967 0.0169566 0.999848 0.797907
0.467129 -0.884019 0.0173616 2.36664 0.884154 0.467196 -0.000274736 3.84643 -0.00786838 0.0154786 0.999849 0.802692
0.468958 -0.883093 0.0150211 1.0944 0.883212 0.468959 -0.0036732 1.374 -0.0038005 0.0149894 0.99988 0.793338
0.468012 -0.88358 0.0158237 1.51505 0.883718 0.467988 -0.00541075 2.19038 -0.00262447 0.016516 0.99986 0.795812
0.467262 -0.883958 0.016851 1.94082 0.88411 0.467258 -0.00440531 3.01415 -0.00397967 0.0169566 0.999848 0.797907
0.467129 -0.884019 0.0173616 2.36664 0.884154 0.467196 -0.000274736 3.84643 -0.00786838 0.0154786 0.999849 0.802692
0.467689 -0.8837 0.0184801 2.79594 0.883817 0.467821 0.00335548 4.68091 -0.0116106 0.0147637 0.999824 0.808072
0.468863 -0.88303 0.0206372 3.23032 0.883155 0.469052 0.00525927 5.51801 -0.014324 0.01576 0.999773 0.80863
0.470097 -0.882356 0.021373 3.6663 0.882479 0.470312 0.00615442 6.3579 -0.0154824 0.015968 0.999753 0.805058
0.47122 -0.881789 0.02003 4.10379 0.881917 0.471386 0.00429228 7.19946 -0.0132268 0.0156422 0.99979 0.800259
0.472197 -0.881337 0.0166164 4.54342 0.881456 0.472266 0.000316469 8.04537 -0.0081263 0.0144972 0.999862 0.796835
0.473348 -0.880743 0.0152862 4.98807 0.880864 0.47336 -0.00306271 8.89543 -0.00453841 0.0149148 0.999878 0.794896
0.474016 -0.880337 0.0177972 5.43952 0.8805 0.474035 -0.00340212 9.75277 -0.00544148 0.0172831 0.999836 0.795801
0.473711 -0.880411 0.0217918 5.89452 0.880621 0.473821 -0.000107116 10.6171 -0.0102311 0.0192411 0.999763 0.795808
0.472828 -0.880752 0.026643 6.35133 0.881039 0.47304 0.00194493 11.4846 -0.0143162 0.0225539 0.999643 0.795181
0.471952 -0.880993 0.0333507 6.81462 0.881509 0.472164 -0.00172676 12.3475 -0.0142257 0.0302139 0.999442 0.789914
0.470705 -0.881635 0.0340171 7.27215 0.882231 0.470771 -0.00652687 13.2146 -0.01026 0.0330832 0.9994 0.782499
0.469498 -0.882378 0.0313101 7.7255 0.882914 0.469427 -0.0100568 14.089 -0.0058239 0.0323657 0.999459 0.779281
0.467851 -0.883298 0.0300035 8.18818 0.883797 0.467738 -0.0111058 14.9869 -0.004224 0.0317128 0.999488 0.788868
0.466834 -0.883798 0.0311064 8.67132 0.884322 0.466785 -0.0092602 15.9285 -0.00633585 0.0318311 0.999473 0.822204
0.465798 -0.884386 0.0298722 9.14492 0.884841 0.465865 -0.00510241 16.8613 -0.0094039 0.0288088 0.999541 0.847817
0.464629 -0.884993 0.030127 9.6195 0.885444 0.464729 -0.00401181 17.7926 -0.0104505 0.0285398 0.999538 0.871607
0.463646 -0.885495 0.0305236 10.0902 0.885931 0.463814 -0.00173826 18.7149 -0.0126181 0.0278478 0.999533 0.886237
0.463423 -0.885526 0.0329029 10.5616 0.885985 0.463712 0.00131853 19.6403 -0.0164251 0.0285404 0.999458 0.900526
0.462932 -0.885929 0.0286987 11.0177 0.886209 0.463255 0.00543462 20.5579 -0.0181095 0.0229172 0.999573 0.90457
0.462953 -0.885937 0.0281228 11.4768 0.886189 0.463282 0.00620279 21.4738 -0.0185241 0.0220506 0.999585 0.908197
0.46288 -0.885992 0.0275842 11.9342 0.886261 0.463164 0.00460866 22.3776 -0.0168592 0.0223135 0.999609 0.90631
0.463145 -0.885952 0.0242028 12.3843 0.88617 0.463349 0.00327668 23.2793 -0.0141173 0.0199302 0.999702 0.909065
0.462366 -0.886363 0.0240424 12.8377 0.886582 0.462561 0.00300532 24.1736 -0.0137849 0.019926 0.999706 0.915862
0.461154 -0.886922 0.0265771 13.2934 0.887189 0.461394 0.00338187 25.066 -0.0152619 0.0220193 0.999641 0.920207
0.460352 -0.88733 0.0268639 13.7418 0.887589 0.460616 0.00431695 25.957 -0.0162045 0.0218567 0.99963 0.92689
0.460141 -0.887535 0.0235066 14.1813 0.887731 0.460346 0.00388124 26.8424 -0.0142659 0.0190816 0.999716 0.931905
0.459651 -0.887864 0.0204658 14.6181 0.888053 0.45974 -0.000399459 27.7206 -0.00905427 0.0183583 0.99979 0.934474
0.459248 -0.888094 0.019517 15.0592 0.888273 0.459314 -0.00121411 28.5993 -0.0078862 0.017894 0.999809 0.936457
0.458886 -0.888239 0.0213241 15.5029 0.888427 0.459015 0.00132014 29.4778 -0.0109607 0.0183392 0.999772 0.945699
0.458532 -0.88832 0.0252141 15.9448 0.888568 0.458737 0.00272737 30.3505 -0.0139894 0.0211538 0.999678 0.949703
0.458249 -0.888417 0.0268981 16.3831 0.888697 0.458485 0.00300996 31.2193 -0.0150065 0.022525 0.999634 0.952216
0.458141 -0.888401 0.0291571 16.8195 0.888766 0.45836 0.000960606 32.0796 -0.0142179 0.0254737 0.999574 0.951655
0.457725 -0.888543 0.0313008 17.2603 0.889006 0.45789 -0.00209638 32.9389 -0.0124696 0.0287862 0.999508 0.950275
0.456668 -0.889023 0.0330363 17.6944 0.88954 0.456852 -0.00220577 33.7954 -0.0131317 0.0303944 0.999452 0.949266
0.455556 -0.889412 0.0376093 18.1316 0.890038 0.455886 0.000222035 34.6555 -0.017343 0.0333726 0.999292 0.945951
0.470459 -0.882287 0.0154489 0.674743 0.882411 0.47047 -0.00315605 0.560719 -0.00448371 0.0151171 0.999876 0.791167
0.468958 -0.883093 0.0150211 1.0944 0.883212 0.468959 -0.0036732 1.374 -0.0038005 0.0149894 0.99988 0.793338
0.468012 -0.88358 0.0158237 1.51505 0.883718 0.467988 -0.00541075 2.19038 -0.00262447 0.016516 0.99986 0.795812
0.470459 -0.882287 0.0154489 0.674743 0.882411 0.47047 -0.00315605 0.560719 -0.00448371 0.0151171 0.999876 0.791167
0.468958 -0.883093 0.0150211 1.0944 0.883212 0.468959 -0.0036732 1.374 -0.0038005 0.0149894 0.99988 0.793338
0.468012 -0.88358 0.0158237 1.51505 0.883718 0.467988 -0.00541075 2.19038 -0.00262447 0.016516 0.99986 0.795812
0.467262 -0.883958 0.016851 1.94082 0.88411 0.467258 -0.00440531 3.01415 -0.00397967 0.0169566 0.999848 0.797907
0.467129 -0.884019 0.0173616 2.36664 0.884154 0.467196 -0.000274736 3.84643 -0.00786838 0.0154786 0.999849 0.802692
0.467689 -0.8837 0.0184801 2.79594 0.883817 0.467821 0.00335548 4.68091 -0.0116106 0.0147637 0.999824 0.808072
0.468863 -0.88303 0.0206372 3.23032 0.883155 0.469052 0.00525927 5.51801 -0.014324 0.01576 0.999773 0.80863
0.470097 -0.882356 0.021373 3.6663 0.882479 0.470312 0.00615442 6.3579 -0.0154824 0.015968 0.999753 0.805058
0.47122 -0.881789 0.02003 4.10379 0.881917 0.471386 0.00429228 7.19946 -0.0132268 0.0156422 0.99979 0.800259
0.472197 -0.881337 0.0166164 4.54342 0.881456 0.472266 0.000316469 8.04537 -0.0081263 0.0144972 0.999862 0.796835
0.473348 -0.880743 0.0152862 4.98807 0.880864 0.47336 -0.00306271 8.89543 -0.00453841 0.0149148 0.999878 0.794896
0.474016 -0.880337 0.0177972 5.43952 0.8805 0.474035 -0.00340212 9.75277 -0.00544148 0.0172831 0.999836 0.795801
0.470459 -0.882287 0.0154489 0.674743 0.882411 0.47047 -0.00315605 0.560719 -0.00448371 0.0151171 0.999876 0.791167
0.468958 -0.883093 0.0150211 1.0944 0.883212 0.468959 -0.0036732 1.374 -0.0038005 0.0149894 0.99988 0.793338
0.468012 -0.88358 0.0158237 1.51505 0.883718 0.467988 -0.00541075 2.19038 -0.00262447 0.016516 0.99986 0.795812
0.467262 -0.883958 0.016851 1.94082 0.88411 0.467258 -0.00440531 3.01415 -0.00397967 0.0169566 0.999848 0.797907
0.467129 -0.884019 0.0173616 2.36664 0.884154 0.467196 -0.000274736 3.84643 -0.00786838 0.0154786 0.999849 0.802692
0.467689 -0.8837 0.0184801 2.79594 0.883817 0.467821 0.00335548 4.68091 -0.0116106 0.0147637 0.999824 0.808072
0.470459 -0.882287 0.0154489 0.674743 0.882411 0.47047 -0.00315605 0.560719 -0.00448371 0.0151171 0.999876 0.791167
0.468958 -0.883093 0.0150211 1.0944 0.883212 0.468959 -0.0036732 1.374 -0.0038005 0.0149894 0.99988 0.793338
0.468012 -0.88358 0.0158237 1.51505 0.883718 0.467988 -0.00541075 2.19038 -0.00262447 0.016516 0.99986 0.795812
0.467262 -0.883958 0.016851 1.94082 0.88411 0.467258 -0.00440531 3.01415 -0.00397967 0.0169566 0.999848 0.797907
0.467129 -0.884019 0.0173616 2.36664 0.884154 0.467196 -0.000274736 3.84643 -0.00786838 0.0154786 0.999849 0.802692
0.467689 -0.8837 0.0184801 2.79594 0.883817 0.467821 0.00335548 4.68091 -0.0116106 0.0147637 0.999824 0.808072
0.468863 -0.88303 0.0206372 3.23032 0.883155 0.469052 0.00525927 5.51801 -0.014324 0.01576 0.999773 0.80863
0.470097 -0.882356 0.021373 3.6663 0.882479 0.470312 0.00615442 6.3579 -0.0154824 0.015968 0.999753 0.805058
0.47122 -0.881789 0.02003 4.10379 0.881917 0.471386 0.00429228 7.19946 -0.0132268 0.0156422 0.99979 0.800259
0.472197 -0.881337 0.0166164 4.54342 0.881456 0.472266 0.000316469 8.04537 -0.0081263 0.0144972 0.999862 0.796835
0.473348 -0.880743 0.0152862 4.98807 0.880864 0.47336 -0.00306271 8.89543 -0.00453841 0.0149148 0.999878 0.794896
0.474016 -0.880337 0.0177972 5.43952 0.8805 0.474035 -0.00340212 9.75277 -0.00544148 0.0172831 0.999836 0.795801
0.473711 -0.880411 0.0217918 5.89452 0.880621 0.473821 -0.000107116 10.6171 -0.0102311 0.0192411 0.999763 0.795808
0.472828 -0.880752 0.026643 6.35133 0.881039 0.47304 0.00194493 11.4846 -0.0143162 0.0225539 0.999643 0.795181
0.471952 -0.880993 0.0333507 6.81462 0.881509 0.472164 -0.00172676 12.3475 -0.0142257 0.0302139 0.999442 0.789914
0.470705 -0.881635 0.0340171 7.27215 0.882231 0.470771 -0.00652687 13.2146 -0.01026 0.0330832 0.9994 0.782499
0.469498 -0.882378 0.0313101 7.7255 0.882914 0.469427 -0.0100568 14.089 -0.0058239 0.0323657 0.999459 0.779281
0.467851 -0.883298 0.0300035 8.18818 0.883797 0.467738 -0.0111058 14.9869 -0.004224 0.0317128 0.999488 0.788868
0.466834 -0.883798 0.0311064 8.67132 0.884322 0.466785 -0.0092602 15.9285 -0.00633585 0.0318311 0.999473 0.822204
0.465798 -0.884386 0.0298722 9.14492 0.884841 0.465865 -0.00510241 16.8613 -0.0094039 0.0288088 0.999541 0.847817
0.464629 -0.884993 0.030127 9.6195 0.885444 0.464729 -0.00401181 17.7926 -0.0104505 0.0285398 0.999538 0.871607
0.463646 -0.885495 0.0305236 10.0902 0.885931 0.463814 -0.00173826 18.7149 -0.0126181 0.0278478 0.999533 0.886237
0.463423 -0.885526 0.0329029 10.5616 0.885985 0.463712 0.00131853 19.6403 -0.0164251 0.0285404 0.999458 0.900526
0.462932 -0.885929 0.0286987 11.0177 0.886209 0.463255 0.00543462 20.5579 -0.0181095 0.0229172 0.999573 0.90457
0.462953 -0.885937 0.0281228 11.4768 0.886189 0.463282 0.00620279 21.4738 -0.0185241 0.0220506 0.999585 0.908197
0.46288 -0.885992 0.0275842 11.9342 0.886261 0.463164 0.00460866 22.3776 -0.0168592 0.0223135 0.999609 0.90631
0.463145 -0.885952 0.0242028 12.3843 0.88617 0.463349 0.00327668 23.2793 -0.0141173 0.0199302 0.999702 0.909065
0.462366 -0.886363 0.0240424 12.8377 0.886582 0.462561 0.00300532 24.1736 -0.0137849 0.019926 0.999706 0.915862
0.461154 -0.886922 0.0265771 13.2934 0.887189 0.461394 0.00338187 25.066 -0.0152619 0.0220193 0.999641 0.920207
0.460352 -0.88733 0.0268639 13.7418 0.887589 0.460616 0.00431695 25.957 -0.0162045 0.0218567 0.99963 0.92689
0.460141 -0.887535 0.0235066 14.1813 0.887731 0.460346 0.00388124 26.8424 -0.0142659 0.0190816 0.999716 0.931905
0.459651 -0.887864 0.0204658 14.6181 0.888053 0.45974 -0.000399459 27.7206 -0.00905427 0.0183583 0.99979 0.934474
0.459248 -0.888094 0.019517 15.0592 0.888273 0.459314 -0.00121411 28.5993 -0.0078862 0.017894 0.999809 0.936457
0.458886 -0.888239 0.0213241 15.5029 0.888427 0.459015 0.00132014 29.4778 -0.0109607 0.0183392 0.999772 0.945699
0.458532 -0.88832 0.0252141 15.9448 0.888568 0.458737 0.00272737 30.3505 -0.0139894 0.0211538 0.999678 0.949703
0.458249 -0.888417 0.0268981 16.3831 0.888697 0.458485 0.00300996 31.2193 -0.0150065 0.022525 0.999634 0.952216
0.458141 -0.888401 0.0291571 16.8195 0.888766 0.45836 0.000960606 32.0796 -0.0142179 0.0254737 0.999574 0.951655
0.457725 -0.888543 0.0313008 17.2603 0.889006 0.45789 -0.00209638 32.9389 -0.0124696 0.0287862 0.999508 0.950275
0.456668 -0.889023 0.0330363 17.6944 0.88954 0.456852 -0.00220577 33.7954 -0.0131317 0.0303944 0.999452 0.949266
0.455556 -0.889412 0.0376093 18.1316 0.890038 0.455886 0.000222035 34.6555 -0.017343 0.0333726 0.999292 0.945951
0.454854 -0.889582 0.0418448 18.5624 0.890276 0.455403 0.0041447 35.5173 -0.0227433 0.0353682 0.999116 0.938009
0.454281 -0.889879 0.0417669 18.9837 0.890507 0.45492 0.00677397 36.3738 -0.0250286 0.0341164 0.999104 0.929676
0.453043 -0.890625 0.0392323 19.4036 0.891203 0.453573 0.00535718 37.2184 -0.022566 0.0325369 0.999216 0.923229
0.45201 -0.891361 0.0341054 19.8195 0.891895 0.452241 -0.00105802 38.0469 -0.0144808 0.0308966 0.999418 0.916615
0.451231 -0.891887 0.0304644 20.2325 0.892368 0.45127 -0.00598573 38.8666 -0.00840907 0.0298864 0.999518 0.914929
0.450045 -0.892618 0.0263001 20.633 0.892959 0.450128 -0.00301713 39.6878 -0.00914528 0.0248428 0.99965 0.917442
0.449159 -0.893112 0.0246607 21.0316 0.893373 0.449315 0.000907575 40.4967 -0.011891 0.0216235 0.999695 0.925337
0.447878 -0.893798 0.0230344 21.4222 0.893989 0.448072 0.00382902 41.293 -0.0137435 0.0188776 0.999727 0.93333
0.446794 -0.894354 0.0225002 21.8076 0.894545 0.446968 0.00311506 42.0744 -0.0128428 0.0187356 0.999742 0.935908
0.445318 -0.895111 0.0216298 22.1843 0.89527 0.445503 0.00440796 42.8461 -0.0135817 0.0174016 0.999756 0.938566
0.443951 -0.895809 0.020807 22.5547 0.895938 0.444144 0.00553715 43.6061 -0.0142016 0.0161836 0.999768 0.943319
0.442482 -0.896522 0.0213889 22.9204 0.89665 0.442695 0.00631708 44.354 -0.0151322 0.0163832 0.999751 0.946896
0.441153 -0.897158 0.0221658 23.2808 0.897293 0.441385 0.00668021 45.0913 -0.0157769 0.0169423 0.999732 0.948153
0.439833 -0.897828 0.0212625 23.6309 0.897899 0.440096 0.009632 45.818 -0.0180054 0.0148552 0.999728 0.949776
0.438647 -0.898394 0.0218323 23.9759 0.898378 0.438988 0.0143436 46.5378 -0.0224703 0.0133219 0.999659 0.949753
0.436914 -0.899266 0.020642 24.3168 0.899171 0.437262 0.0171682 47.2394 -0.0244647 0.0110597 0.99964 0.95323
0.435588 -0.899999 0.0162684 24.6401 0.899898 0.435821 0.015592 47.9228 -0.0211229 0.00784821 0.999746 0.957187
0.434618 -0.900536 0.0119226 24.9559 0.90051 0.434731 0.00955262 48.586 -0.0137856 0.00658466 0.999883 0.961441
0.43336 -0.901165 0.0100176 25.2632 0.901184 0.433416 0.00419068 49.232 -0.0081183 0.00721165 0.999941 0.962659
0.432949 -0.901381 0.00827237 25.5613 0.901401 0.43298 0.00234436 49.8647 -0.00569493 0.00644173 0.999963 0.96815
0.432221 -0.901735 0.00770757 25.8489 0.901725 0.432268 0.00607215 50.4815 -0.00880721 0.00432559 0.999952 0.97998
0.431014 -0.902307 0.00832683 26.1302 0.902265 0.43108 0.0093422 51.0778 -0.0120191 0.00348639 0.999922 0.997397
0.429868 -0.902841 0.00952912 26.4054 0.902843 0.42993 0.00580331 51.6502 -0.00933633 0.00610865 0.999938 1.0093
0.42986 -0.902784 0.0141517 26.6782 0.902884 0.429881 -0.00172662 52.2016 -0.00452479 0.0135196 0.999898 1.01867
0.430764 -0.902334 0.0153412 26.939 0.902464 0.430681 -0.00849074 52.7378 0.00105433 0.0175024 0.999846 1.03088
0.433308 -0.901141 0.0137773 27.189 0.901244 0.433224 -0.00870676 53.2663 0.00187737 0.0161894 0.999867 1.04319
0.436694 -0.899553 0.0101459 27.4314 0.899609 0.436682 -0.00348129 53.7857 -0.00129891 0.0106476 0.999942 1.05738
0.440705 -0.897562 0.0127338 27.6779 0.89764 0.440727 -0.00119749 54.2855 -0.0045373 0.0119581 0.999918 1.06812
0.445267 -0.895205 0.0185749 27.9305 0.895356 0.44535 0.00034028 54.7683 -0.00857697 0.0164797 0.999827 1.08004
0.452154 -0.891609 0.0243031 28.1786 0.891845 0.452336 0.00226452 55.2385 -0.0130122 0.0206507 0.999702 1.09253
0.461278 -0.88698 0.0221267 28.4156 0.88716 0.461451 0.00315721 55.6943 -0.0130108 0.0181736 0.99975 1.10045
0.474135 -0.880286 0.0170924 28.6431 0.880356 0.474281 0.0055673 56.1421 -0.0130074 0.0124077 0.999838 1.10717
0.489774 -0.871752 0.0130602 28.8755 0.871736 0.489897 0.00877715 56.5724 -0.0140496 0.00708621 0.999876 1.11239
0.508188 -0.861129 0.0141989 29.1204 0.861115 0.508329 0.00909048 56.9791 -0.0150458 0.0076072 0.999858 1.11488
0.529879 -0.847886 0.0178119 29.3744 0.847909 0.530073 0.00855287 57.3655 -0.0166935 0.0105709 0.999805 1.11898
0.553939 -0.832316 0.0200388 29.6346 0.832341 0.554183 0.00946649 57.738 -0.0189843 0.0114352 0.999754 1.12224
0.580416 -0.81404 0.0213811 29.9023 0.814039 0.580705 0.0110241 58.098 -0.0213902 0.0110065 0.999711 1.12438
0.609773 -0.792268 0.0221172 30.181 0.792239 0.61009 0.0121427 58.4408 -0.0231138 0.0101178 0.999682 1.12432
0.641585 -0.766729 0.0222424 30.4692 0.766673 0.64191 0.0128038 58.7681 -0.0240947 0.00883793 0.999671 1.12188
0.675202 -0.737279 0.0228317 30.7695 0.737202 0.675542 0.0132873 59.0736 -0.0252202 0.00786001 0.999651 1.12094
0.710393 -0.703498 0.0208086 31.0788 0.703373 0.710682 0.0140418 59.3557 -0.0246667 0.004661 0.999685 1.12241
0.747152 -0.664378 0.0191339 31.3996 0.664251 0.747392 0.0132648 59.6133 -0.0231134 0.00279893 0.999729 1.12282
0.784168 -0.620273 0.0185068 31.7308 0.620148 0.784384 0.012545 59.8445 -0.0222978 0.00163962 0.99975 1.11911
0.82016 -0.571861 0.0176762 32.0706 0.571728 0.82035 0.0123397 60.0494 -0.0215572 -1.45333e-05 0.999768 1.11239
0.854501 -0.519177 0.0168189 32.4179 0.519048 0.854666 0.0116326 60.2273 -0.020414 -0.00121026 0.999791 1.1048
0.886216 -0.462951 0.017243 32.7742 0.462865 0.886384 0.00890949 60.3742 -0.0194086 8.54516e-05 0.999812 1.09915
0.91411 -0.40509 0.0174733 33.1343 0.405008 0.914277 0.00817745 60.4979 -0.019288 -0.000398271 0.999814 1.09754
0.938022 -0.346022 0.0196061 33.5009 0.345923 0.938226 0.00834818 60.5987 -0.0212836 -0.00104857 0.999773 1.09525
0.957908 -0.286232 0.021983 33.8753 0.286058 0.958152 0.0107739 60.6765 -0.0241469 -0.00403206 0.9997 1.089
0.973808 -0.226135 0.0236832 34.2507 0.225932 0.974082 0.010957 60.7292 -0.0255472 -0.00531921 0.999659 1.08094
0.985751 -0.166518 0.0237963 34.6297 0.166369 0.98603 0.00810082 60.7515 -0.0248128 -0.00402643 0.999684 1.07193
0.993769 -0.108801 0.0241835 35.0059 0.108776 0.994063 0.00235731 60.7505 -0.0242964 0.000287964 0.999705 1.06428
0.998289 -0.0534752 0.0236633 35.3801 0.0533979 0.998566 0.00388742 60.7372 -0.0238372 -0.0026172 0.999712 1.05941
0.999726 0.000700234 0.0233924 35.7566 -0.000901151 0.999963 0.00857954 60.7117 -0.0233855 -0.00859828 0.99969 1.0531
0.470459 -0.882287 0.0154489 0.674743 0.882411 0.47047 -0.00315605 0.560719 -0.00448371 0.0151171 0.999876 0.791167
0.468958 -0.883093 0.0150211 1.0944 0.883212 0.468959 -0.0036732 1.374 -0.0038005 0.0149894 0.99988 0.793338
0.468012 -0.88358 0.0158237 1.51505 0.883718 0.467988 -0.00541075 2.19038 -0.00262447 0.016516 0.99986 0.795812
0.467262 -0.883958 0.016851 1.94082 0.88411 0.467258 -0.00440531 3.01415 -0.00397967 0.0169566 0.999848 0.797907
0.467129 -0.884019 0.0173616 2.36664 0.884154 0.467196 -0.000274736 3.84643 -0.00786838 0.0154786 0.999849 0.802692
0.467689 -0.8837 0.0184801 2.79594 0.883817 0.467821 0.00335548 4.68091 -0.0116106 0.0147637 0.999824 0.808072
0.468863 -0.88303 0.0206372 3.23032 0.883155 0.469052 0.00525927 5.51801 -0.014324 0.01576 0.999773 0.80863
0.470097 -0.882356 0.021373 3.6663 0.882479 0.470312 0.00615442 6.3579 -0.0154824 0.015968 0.999753 0.805058
0.47122 -0.881789 0.02003 4.10379 0.881917 0.471386 0.00429228 7.19946 -0.0132268 0.0156422 0.99979 0.800259
0.472197 -0.881337 0.0166164 4.54342 0.881456 0.472266 0.000316469 8.04537 -0.0081263 0.0144972 0.999862 0.796835
0.473348 -0.880743 0.0152862 4.98807 0.880864 0.47336 -0.00306271 8.89543 -0.00453841 0.0149148 0.999878 0.794896
0.474016 -0.880337 0.0177972 5.43952 0.8805 0.474035 -0.00340212 9.75277 -0.00544148 0.0172831 0.999836 0.795801
0.473711 -0.880411 0.0217918 5.89452 0.880621 0.473821 -0.000107116 10.6171 -0.0102311 0.0192411 0.999763 0.795808
0.472828 -0.880752 0.026643 6.35133 0.881039 0.47304 0.00194493 11.4846 -0.0143162 0.0225539 0.999643 0.795181
0.471952 -0.880993 0.0333507 6.81462 0.881509 0.472164 -0.00172676 12.3475 -0.0142257 0.0302139 0.999442 0.789914
0.470705 -0.881635 0.0340171 7.27215 0.882231 0.470771 -0.00652687 13.2146 -0.01026 0.0330832 0.9994 0.782499
0.469498 -0.882378 0.0313101 7.7255 0.882914 0.469427 -0.0100568 14.089 -0.0058239 0.0323657 0.999459 0.779281
0.467851 -0.883298 0.0300035 8.18818 0.883797 0.467738 -0.0111058 14.9869 -0.004224 0.0317128 0.999488 0.788868
0.466834 -0.883798 0.0311064 8.67132 0.884322 0.466785 -0.0092602 15.9285 -0.00633585 0.0318311 0.999473 0.822204
0.465798 -0.884386 0.0298722 9.14492 0.884841 0.465865 -0.00510241 16.8613 -0.0094039 0.0288088 0.999541 0.847817
0.464629 -0.884993 0.030127 9.6195 0.885444 0.464729 -0.00401181 17.7926 -0.0104505 0.0285398 0.999538 0.871607
0.463646 -0.885495 0.0305236 10.0902 0.885931 0.463814 -0.00173826 18.7149 -0.0126181 0.0278478 0.999533 0.886237
0.463423 -0.885526 0.0329029 10.5616 0.885985 0.463712 0.00131853 19.6403 -0.0164251 0.0285404 0.999458 0.900526
0.462932 -0.885929 0.0286987 11.0177 0.886209 0.463255 0.00543462 20.5579 -0.0181095 0.0229172 0.999573 0.90457
0.462953 -0.885937 0.0281228 11.4768 0.886189 0.463282 0.00620279 21.4738 -0.0185241 0.0220506 0.999585 0.908197
0.46288 -0.885992 0.0275842 11.9342 0.886261 0.463164 0.00460866 22.3776 -0.0168592 0.0223135 0.999609 0.90631
0.463145 -0.885952 0.0242028 12.3843 0.88617 0.463349 0.00327668 23.2793 -0.0141173 0.0199302 0.999702 0.909065
0.462366 -0.886363 0.0240424 12.8377 0.886582 0.462561 0.00300532 24.1736 -0.0137849 0.019926 0.999706 0.915862
0.461154 -0.886922 0.0265771 13.2934 0.887189 0.461394 0.00338187 25.066 -0.0152619 0.0220193 0.999641 0.920207
0.460352 -0.88733 0.0268639 13.7418 0.887589 0.460616 0.00431695 25.957 -0.0162045 0.0218567 0.99963 0.92689
0.460141 -0.887535 0.0235066 14.1813 0.887731 0.460346 0.00388124 26.8424 -0.0142659 0.0190816 0.999716 0.931905
0.459651 -0.887864 0.0204658 14.6181 0.888053 0.45974 -0.000399459 27.7206 -0.00905427 0.0183583 0.99979 0.934474
0.459248 -0.888094 0.019517 15.0592 0.888273 0.459314 -0.00121411 28.5993 -0.0078862 0.017894 0.999809 0.936457
0.458886 -0.888239 0.0213241 15.5029 0.888427 0.459015 0.00132014 29.4778 -0.0109607 0.0183392 0.999772 0.945699
0.458532 -0.88832 0.0252141 15.9448 0.888568 0.458737 0.00272737 30.3505 -0.0139894 0.0211538 0.999678 0.949703
0.458249 -0.888417 0.0268981 16.3831 0.888697 0.458485 0.00300996 31.2193 -0.0150065 0.022525 0.999634 0.952216
0.458141 -0.888401 0.0291571 16.8195 0.888766 0.45836 0.000960606 32.0796 -0.0142179 0.0254737 0.999574 0.951655
0.457725 -0.888543 0.0313008 17.2603 0.889006 0.45789 -0.00209638 32.9389 -0.0124696 0.0287862 0.999508 0.950275
0.456668 -0.889023 0.0330363 17.6944 0.88954 0.456852 -0.00220577 33.7954 -0.0131317 0.0303944 0.999452 0.949266
0.455556 -0.889412 0.0376093 18.1316 0.890038 0.455886 0.000222035 34.6555 -0.017343 0.0333726 0.999292 0.945951
0.454854 -0.889582 0.0418448 18.5624 0.890276 0.455403 0.0041447 35.5173 -0.0227433 0.0353682 0.999116 0.938009
0.454281 -0.889879 0.0417669 18.9837 0.890507 0.45492 0.00677397 36.3738 -0.0250286 0.0341164 0.999104 0.929676
0.453043 -0.890625 0.0392323 19.4036 0.891203 0.453573 0.00535718 37.2184 -0.022566 0.0325369 0.999216 0.923229
0.45201 -0.891361 0.0341054 19.8195 0.891895 0.452241 -0.00105802 38.0469 -0.0144808 0.0308966 0.999418 0.916615
0.451231 -0.891887 0.0304644 20.2325 0.892368 0.45127 -0.00598573 38.8666 -0.00840907 0.0298864 0.999518 0.914929
0.450045 -0.892618 0.0263001 20.633 0.892959 0.450128 -0.00301713 39.6878 -0.00914528 0.0248428 0.99965 0.917442
0.470459 -0.882287 0.0154489 0.674743 0.882411 0.47047 -0.00315605 0.560719 -0.00448371 0.0151171 0.999876 0.791167
0.468958 -0.883093 0.0150211 1.0944 0.883212 0.468959 -0.0036732 1.374 -0.0038005 0.0149894 0.99988 0.793338
0.468012 -0.88358 0.0158237 1.51505 0.883718 0.467988 -0.00541075 2.19038 -0.00262447 0.016516 0.99986 0.795812
0.467262 -0.883958 0.016851 1.94082 0.88411 0.467258 -0.00440531 3.01415 -0.00397967 0.0169566 0.999848 0.797907
0.467129 -0.884019 0.0173616 2.36664 0.884154 0.467196 -0.000274736 3.84643 -0.00786838 0.0154786 0.999849 0.802692
0.467689 -0.8837 0.0184801 2.79594 0.883817 0.467821 0.00335548 4.68091 -0.0116106 0.0147637 0.999824 0.808072
0.468863 -0.88303 0.0206372 3.23032 0.883155 0.469052 0.00525927 5.51801 -0.014324 0.01576 0.999773 0.80863
0.470097 -0.882356 0.021373 3.6663 0.882479 0.470312 0.00615442 6.3579 -0.0154824 0.015968 0.999753 0.805058
0.47122 -0.881789 0.02003 4.10379 0.881917 0.471386 0.00429228 7.19946 -0.0132268 0.0156422 0.99979 0.800259
0.472197 -0.881337 0.0166164 4.54342 0.881456 0.472266 0.000316469 8.04537 -0.0081263 0.0144972 0.999862 0.796835
0.473348 -0.880743 0.0152862 4.98807 0.880864 0.47336 -0.00306271 8.89543 -0.00453841 0.0149148 0.999878 0.794896
0.474016 -0.880337 0.0177972 5.43952 0.8805 0.474035 -0.00340212 9.75277 -0.00544148 0.0172831 0.999836 0.795801
0.473711 -0.880411 0.0217918 5.89452 0.880621 0.473821 -0.000107116 10.6171 -0.0102311 0.0192411 0.999763 0.795808
0.472828 -0.880752 0.026643 6.35133 0.881039 0.47304 0.00194493 11.4846 -0.0143162 0.0225539 0.999643 0.795181
0.471952 -0.880993 0.0333507 6.81462 0.881509 0.472164 -0.00172676 12.3475 -0.0142257 0.0302139 0.999442 0.789914
0.470705 -0.881635 0.0340171 7.27215 0.882231 0.470771 -0.00652687 13.2146 -0.01026 0.0330832 0.9994 0.782499
0.469498 -0.882378 0.0313101 7.7255 0.882914 0.469427 -0.0100568 14.089 -0.0058239 0.0323657 0.999459 0.779281
0.467851 -0.883298 0.0300035 8.18818 0.883797 0.467738 -0.0111058 14.9869 -0.004224 0.0317128 0.999488 0.788868
0.466834 -0.883798 0.0311064 8.67132 0.884322 0.466785 -0.0092602 15.9285 -0.00633585 0.0318311 0.999473 0.822204
0.465798 -0.884386 0.0298722 9.14492 0.884841 0.465865 -0.00510241 16.8613 -0.0094039 0.0288088 0.999541 0.847817
0.464629 -0.884993 0.030127 9.6195 0.885444 0.464729 -0.00401181 17.7926 -0.0104505 0.0285398 0.999538 0.871607
0.463646 -0.885495 0.0305236 10.0902 0.885931 0.463814 -0.00173826 18.7149 -0.0126181 0.0278478 0.999533 0.886237
0.463423 -0.885526 0.0329029 10.5616 0.885985 0.463712 0.00131853 19.6403 -0.0164251 0.0285404 0.999458 0.900526
0.462932 -0.885929 0.0286987 11.0177 0.886209 0.463255 0.00543462 20.5579 -0.0181095 0.0229172 0.999573 0.90457
0.462953 -0.885937 0.0281228 11.4768 0.886189 0.463282 0.00620279 21.4738 -0.0185241 0.0220506 0.999585 0.908197
0.46288 -0.885992 0.0275842 11.9342 0.886261 0.463164 0.00460866 22.3776 -0.0168592 0.0223135 0.999609 0.90631
0.463145 -0.885952 0.0242028 12.3843 0.88617 0.463349 0.00327668 23.2793 -0.0141173 0.0199302 0.999702 0.909065
0.462366 -0.886363 0.0240424 12.8377 0.886582 0.462561 0.00300532 24.1736 -0.0137849 0.019926 0.999706 0.915862
0.461154 -0.886922 0.0265771 13.2934 0.887189 0.461394 0.00338187 25.066 -0.0152619 0.0220193 0.999641 0.920207
0.460352 -0.88733 0.0268639 13.7418 0.887589 0.460616 0.00431695 25.957 -0.0162045 0.0218567 0.99963 0.92689
0.460141 -0.887535 0.0235066 14.1813 0.887731 0.460346 0.00388124 26.8424 -0.0142659 0.0190816 0.999716 0.931905
0.459651 -0.887864 0.0204658 14.6181 0.888053 0.45974 -0.000399459 27.7206 -0.00905427 0.0183583 0.99979 0.934474
0.459248 -0.888094 0.019517 15.0592 0.888273 0.459314 -0.00121411 28.5993 -0.0078862 0.017894 0.999809 0.936457
0.458886 -0.888239 0.0213241 15.5029 0.888427 0.459015 0.00132014 29.4778 -0.0109607 0.0183392 0.999772 0.945699
0.458532 -0.88832 0.0252141 15.9448 0.888568 0.458737 0.00272737 30.3505 -0.0139894 0.0211538 0.999678 0.949703
0.458249 -0.888417 0.0268981 16.3831 0.888697 0.458485 0.00300996 31.2193 -0.0150065 0.022525 0.999634 0.952216
0.458141 -0.888401 0.0291571 16.8195 0.888766 0.45836 0.000960606 32.0796 -0.0142179 0.0254737 0.999574 0.951655
0.457725 -0.888543 0.0313008 17.2603 0.889006 0.45789 -0.00209638 32.9389 -0.0124696 0.0287862 0.999508 0.950275
0.456668 -0.889023 0.0330363 17.6944 0.88954 0.456852 -0.00220577 33.7954 -0.0131317 0.0303944 0.999452 0.949266
0.455556 -0.889412 0.0376093 18.1316 0.890038 0.455886 0.000222035 34.6555 -0.017343 0.0333726 0.999292 0.945951
0.454854 -0.889582 0.0418448 18.5624 0.890276 0.455403 0.0041447 35.5173 -0.0227433 0.0353682 0.999116 0.938009
0.454281 -0.889879 0.0417669 18.9837 0.890507 0.45492 0.00677397 36.3738 -0.0250286 0.0341164 0.999104 0.929676
0.453043 -0.890625 0.0392323 19.4036 0.891203 0.453573 0.00535718 37.2184 -0.022566 0.0325369 0.999216 0.923229
0.45201 -0.891361 0.0341054 19.8195 0.891895 0.452241 -0.00105802 38.0469 -0.0144808 0.0308966 0.999418 0.916615
0.451231 -0.891887 0.0304644 20.2325 0.892368 0.45127 -0.00598573 38.8666 -0.00840907 0.0298864 0.999518 0.914929
0.450045 -0.892618 0.0263001 20.633 0.892959 0.450128 -0.00301713 39.6878 -0.00914528 0.0248428 0.99965 0.917442
0.449159 -0.893112 0.0246607 21.0316 0.893373 0.449315 0.000907575 40.4967 -0.011891 0.0216235 0.999695 0.925337
0.447878 -0.893798 0.0230344 21.4222 0.893989 0.448072 0.00382902 41.293 -0.0137435 0.0188776 0.999727 0.93333
0.446794 -0.894354 0.0225002 21.8076 0.894545 0.446968 0.00311506 42.0744 -0.0128428 0.0187356 0.999742 0.935908
0.445318 -0.895111 0.0216298 22.1843 0.89527 0.445503 0.00440796 42.8461 -0.0135817 0.0174016 0.999756 0.938566
0.443951 -0.895809 0.020807 22.5547 0.895938 0.444144 0.00553715 43.6061 -0.0142016 0.0161836 0.999768 0.943319
0.442482 -0.896522 0.0213889 22.9204 0.89665 0.442695 0.00631708 44.354 -0.0151322 0.0163832 0.999751 0.946896
0.441153 -0.897158 0.0221658 23.2808 0.897293 0.441385 0.00668021 45.0913 -0.0157769 0.0169423 0.999732 0.948153
0.439833 -0.897828 0.0212625 23.6309 0.897899 0.440096 0.009632 45.818 -0.0180054 0.0148552 0.999728 0.949776
0.438647 -0.898394 0.0218323 23.9759 0.898378 0.438988 0.0143436 46.5378 -0.0224703 0.0133219 0.999659 0.949753
0.436914 -0.899266 0.020642 24.3168 0.899171 0.437262 0.0171682 47.2394 -0.0244647 0.0110597 0.99964 0.95323
0.435588 -0.899999 0.0162684 24.6401 0.899898 0.435821 0.015592 47.9228 -0.0211229 0.00784821 0.999746 0.957187
0.434618 -0.900536 0.0119226 24.9559 0.90051 0.434731 0.00955262 48.586 -0.0137856 0.00658466 0.999883 0.961441
0.43336 -0.901165 0.0100176 25.2632 0.901184 0.433416 0.00419068 49.232 -0.0081183 0.00721165 0.999941 0.962659
0.432949 -0.901381 0.00827237 25.5613 0.901401 0.43298 0.00234436 49.8647 -0.00569493 0.00644173 0.999963 0.96815
0.432221 -0.901735 0.00770757 25.8489 0.901725 0.432268 0.00607215 50.4815 -0.00880721 0.00432559 0.999952 0.97998
0.431014 -0.902307 0.00832683 26.1302 0.902265 0.43108 0.0093422 51.0778 -0.0120191 0.00348639 0.999922 0.997397
0.429868 -0.902841 0.00952912 26.4054 0.902843 0.42993 0.00580331 51.6502 -0.00933633 0.00610865 0.999938 1.0093
0.42986 -0.902784 0.0141517 26.6782 0.902884 0.429881 -0.00172662 52.2016 -0.00452479 0.0135196 0.999898 1.01867
0.430764 -0.902334 0.0153412 26.939 0.902464 0.430681 -0.00849074 52.7378 0.00105433 0.0175024 0.999846 1.03088
0.433308 -0.901141 0.0137773 27.189 0.901244 0.433224 -0.00870676 53.2663 0.00187737 0.0161894 0.999867 1.04319
0.436694 -0.899553 0.0101459 27.4314 0.899609 0.436682 -0.00348129 53.7857 -0.00129891 0.0106476 0.999942 1.05738
0.440705 -0.897562 0.0127338 27.6779 0.89764 0.440727 -0.00119749 54.2855 -0.0045373 0.0119581 0.999918 1.06812
0.445267 -0.895205 0.0185749 27.9305 0.895356 0.44535 0.00034028 54.7683 -0.00857697 0.0164797 0.999827 1.08004
0.452154 -0.891609 0.0243031 28.1786 0.891845 0.452336 0.00226452 55.2385 -0.0130122 0.0206507 0.999702 1.09253
0.461278 -0.88698 0.0221267 28.4156 0.88716 0.461451 0.00315721 55.6943 -0.0130108 0.0181736 0.99975 1.10045
0.474135 -0.880286 0.0170924 28.6431 0.880356 0.474281 0.0055673 56.1421 -0.0130074 0.0124077 0.999838 1.10717
0.489774 -0.871752 0.0130602 28.8755 0.871736 0.489897 0.00877715 56.5724 -0.0140496 0.00708621 0.999876 1.11239
0.508188 -0.861129 0.0141989 29.1204 0.861115 0.508329 0.00909048 56.9791 -0.0150458 0.0076072 0.999858 1.11488
0.529879 -0.847886 0.0178119 29.3744 0.847909 0.530073 0.00855287 57.3655 -0.0166935 0.0105709 0.999805 1.11898
0.553939 -0.832316 0.0200388 29.6346 0.832341 0.554183 0.00946649 57.738 -0.0189843 0.0114352 0.999754 1.12224
0.580416 -0.81404 0.0213811 29.9023 0.814039 0.580705 0.0110241 58.098 -0.0213902 0.0110065 0.999711 1.12438
0.609773 -0.792268 0.0221172 30.181 0.792239 0.61009 0.0121427 58.4408 -0.0231138 0.0101178 0.999682 1.12432
0.641585 -0.766729 0.0222424 30.4692 0.766673 0.64191 0.0128038 58.7681 -0.0240947 0.00883793 0.999671 1.12188
0.675202 -0.737279 0.0228317 30.7695 0.737202 0.675542 0.0132873 59.0736 -0.0252202 0.00786001 0.999651 1.12094
0.710393 -0.703498 0.0208086 31.0788 0.703373 0.710682 0.0140418 59.3557 -0.0246667 0.004661 0.999685 1.12241
0.747152 -0.664378 0.0191339 31.3996 0.664251 0.747392 0.0132648 59.6133 -0.0231134 0.00279893 0.999729 1.12282
0.784168 -0.620273 0.0185068 31.7308 0.620148 0.784384 0.012545 59.8445 -0.0222978 0.00163962 0.99975 1.11911
0.82016 -0.571861 0.0176762 32.0706 0.571728 0.82035 0.0123397 60.0494 -0.0215572 -1.45333e-05 0.999768 1.11239
0.854501 -0.519177 0.0168189 32.4179 0.519048 0.854666 0.0116326 60.2273 -0.020414 -0.00121026 0.999791 1.1048
0.886216 -0.462951 0.017243 32.7742 0.462865 0.886384 0.00890949 60.3742 -0.0194086 8.54516e-05 0.999812 1.09915
0.91411 -0.40509 0.0174733 33.1343 0.405008 0.914277 0.00817745 60.4979 -0.019288 -0.000398271 0.999814 1.09754
0.938022 -0.346022 0.0196061 33.5009 0.345923 0.938226 0.00834818 60.5987 -0.0212836 -0.00104857 0.999773 1.09525
0.957908 -0.286232 0.021983 33.8753 0.286058 0.958152 0.0107739 60.6765 -0.0241469 -0.00403206 0.9997 1.089
0.973808 -0.226135 0.0236832 34.2507 0.225932 0.974082 0.010957 60.7292 -0.0255472 -0.00531921 0.999659 1.08094
0.985751 -0.166518 0.0237963 34.6297 0.166369 0.98603 0.00810082 60.7515 -0.0248128 -0.00402643 0.999684 1.07193
0.993769 -0.108801 0.0241835 35.0059 0.108776 0.994063 0.00235731 60.7505 -0.0242964 0.000287964 0.999705 1.06428
0.998289 -0.0534752 0.0236633 35.3801 0.0533979 0.998566 0.00388742 60.7372 -0.0238372 -0.0026172 0.999712 1.05941
0.999726 0.000700234 0.0233924 35.7566 -0.000901151 0.999963 0.00857954 60.7117 -0.0233855 -0.00859828 0.99969 1.0531
0.998427 0.0513614 0.0225048 36.1329 -0.0516055 0.998613 0.0104046 60.6658 -0.0219392 -0.0115496 0.999693 1.04613
0.995 0.0975045 0.0216142 36.5031 -0.0976229 0.995213 0.00449212 60.5919 -0.0210727 -0.0065797 0.999756 1.03836
0.989938 0.139744 0.0222327 36.8759 -0.139551 0.990164 -0.0100372 60.4909 -0.0234167 0.00683357 0.999702 1.02681
0.983969 0.176771 0.0236049 37.2467 -0.176421 0.984182 -0.016183 60.3877 -0.0260923 0.0117592 0.99959 1.01731
0.977418 0.210212 0.0215639 37.6209 -0.209961 0.977619 -0.013331 60.2907 -0.0238836 0.00850241 0.999679 1.01021
0.970272 0.241178 0.0201108 37.9978 -0.241197 0.970475 -0.00154721 60.1969 -0.0198902 -0.00334945 0.999797 1.0103
0.962809 0.269513 0.0190298 38.3753 -0.269661 0.962939 0.00564699 60.0856 -0.0168026 -0.0105686 0.999803 1.0138
0.955515 0.294455 0.0169702 38.7563 -0.294583 0.95561 0.00549768 59.9499 -0.0145981 -0.0102522 0.999841 1.01274
0.470459 -0.882287 0.0154489 0.674743 0.882411 0.47047 -0.00315605 0.560719 -0.00448371 0.0151171 0.999876 0.791167
0.468958 -0.883093 0.0150211 1.0944 0.883212 0.468959 -0.0036732 1.374 -0.0038005 0.0149894 0.99988 0.793338
0.468012 -0.88358 0.0158237 1.51505 0.883718 0.467988 -0.00541075 2.19038 -0.00262447 0.016516 0.99986 0.795812
0.467262 -0.883958 0.016851 1.94082 0.88411 0.467258 -0.00440531 3.01415 -0.00397967 0.0169566 0.999848 0.797907
0.467129 -0.884019 0.0173616 2.36664 0.884154 0.467196 -0.000274736 3.84643 -0.00786838 0.0154786 0.999849 0.802692
0.467689 -0.8837 0.0184801 2.79594 0.883817 0.467821 0.00335548 4.68091 -0.0116106 0.0147637 0.999824 0.808072
0.468863 -0.88303 0.0206372 3.23032 0.883155 0.469052 0.00525927 5.51801 -0.014324 0.01576 0.999773 0.80863
0.470097 -0.882356 0.021373 3.6663 0.882479 0.470312 0.00615442 6.3579 -0.0154824 0.015968 0.999753 0.805058
0.47122 -0.881789 0.02003 4.10379 0.881917 0.471386 0.00429228 7.19946 -0.0132268 0.0156422 0.99979 0.800259
0.472197 -0.881337 0.0166164 4.54342 0.881456 0.472266 0.000316469 8.04537 -0.0081263 0.0144972 0.999862 0.796835
0.473348 -0.880743 0.0152862 4.98807 0.880864 0.47336 -0.00306271 8.89543 -0.00453841 0.0149148 0.999878 0.794896
0.474016 -0.880337 0.0177972 5.43952 0.8805 0.474035 -0.00340212 9.75277 -0.00544148 0.0172831 0.999836 0.795801
0.473711 -0.880411 0.0217918 5.89452 0.880621 0.473821 -0.000107116 10.6171 -0.0102311 0.0192411 0.999763 0.795808
0.472828 -0.880752 0.026643 6.35133 0.881039 0.47304 0.00194493 11.4846 -0.0143162 0.0225539 0.999643 0.795181
0.471952 -0.880993 0.0333507 6.81462 0.881509 0.472164 -0.00172676 12.3475 -0.0142257 0.0302139 0.999442 0.789914
0.470705 -0.881635 0.0340171 7.27215 0.882231 0.470771 -0.00652687 13.2146 -0.01026 0.0330832 0.9994 0.782499
0.469498 -0.882378 0.0313101 7.7255 0.882914 0.469427 -0.0100568 14.089 -0.0058239 0.0323657 0.999459 0.779281
0.467851 -0.883298 0.0300035 8.18818 0.883797 0.467738 -0.0111058 14.9869 -0.004224 0.0317128 0.999488 0.788868
0.466834 -0.883798 0.0311064 8.67132 0.884322 0.466785 -0.0092602 15.9285 -0.00633585 0.0318311 0.999473 0.822204
0.465798 -0.884386 0.0298722 9.14492 0.884841 0.465865 -0.00510241 16.8613 -0.0094039 0.0288088 0.999541 0.847817
0.464629 -0.884993 0.030127 9.6195 0.885444 0.464729 -0.00401181 17.7926 -0.0104505 0.0285398 0.999538 0.871607
0.463646 -0.885495 0.0305236 10.0902 0.885931 0.463814 -0.00173826 18.7149 -0.0126181 0.0278478 0.999533 0.886237
0.463423 -0.885526 0.0329029 10.5616 0.885985 0.463712 0.00131853 19.6403 -0.0164251 0.0285404 0.999458 0.900526
0.462932 -0.885929 0.0286987 11.0177 0.886209 0.463255 0.00543462 20.5579 -0.0181095 0.0229172 0.999573 0.90457
0.462953 -0.885937 0.0281228 11.4768 0.886189 0.463282 0.00620279 21.4738 -0.0185241 0.0220506 0.999585 0.908197
0.46288 -0.885992 0.0275842 11.9342 0.886261 0.463164 0.00460866 22.3776 -0.0168592 0.0223135 0.999609 0.90631
0.463145 -0.885952 0.0242028 12.3843 0.88617 0.463349 0.00327668 23.2793 -0.0141173 0.0199302 0.999702 0.909065
0.462366 -0.886363 0.0240424 12.8377 0.886582 0.462561 0.00300532 24.1736 -0.0137849 0.019926 0.999706 0.915862
0.461154 -0.886922 0.0265771 13.2934 0.887189 0.461394 0.00338187 25.066 -0.0152619 0.0220193 0.999641 0.920207
0.460352 -0.88733 0.0268639 13.7418 0.887589 0.460616 0.00431695 25.957 -0.0162045 0.0218567 0.99963 0.92689
0.460141 -0.887535 0.0235066 14.1813 0.887731 0.460346 0.00388124 26.8424 -0.0142659 0.0190816 0.999716 0.931905
0.459651 -0.887864 0.0204658 14.6181 0.888053 0.45974 -0.000399459 27.7206 -0.00905427 0.0183583 0.99979 0.934474
0.459248 -0.888094 0.019517 15.0592 0.888273 0.459314 -0.00121411 28.5993 -0.0078862 0.017894 0.999809 0.936457
0.458886 -0.888239 0.0213241 15.5029 0.888427 0.459015 0.00132014 29.4778 -0.0109607 0.0183392 0.999772 0.945699
0.458532 -0.88832 0.0252141 15.9448 0.888568 0.458737 0.00272737 30.3505 -0.0139894 0.0211538 0.999678 0.949703
0.458249 -0.888417 0.0268981 16.3831 0.888697 0.458485 0.00300996 31.2193 -0.0150065 0.022525 0.999634 0.952216
0.458141 -0.888401 0.0291571 16.8195 0.888766 0.45836 0.000960606 32.0796 -0.0142179 0.0254737 0.999574 0.951655
0.457725 -0.888543 0.0313008 17.2603 0.889006 0.45789 -0.00209638 32.9389 -0.0124696 0.0287862 0.999508 0.950275
0.456668 -0.889023 0.0330363 17.6944 0.88954 0.456852 -0.00220577 33.7954 -0.0131317 0.0303944 0.999452 0.949266
0.455556 -0.889412 0.0376093 18.1316 0.890038 0.455886 0.000222035 34.6555 -0.017343 0.0333726 0.999292 0.945951
0.454854 -0.889582 0.0418448 18.5624 0.890276 0.455403 0.0041447 35.5173 -0.0227433 0.0353682 0.999116 0.938009
0.454281 -0.889879 0.0417669 18.9837 0.890507 0.45492 0.00677397 36.3738 -0.0250286 0.0341164 0.999104 0.929676
0.453043 -0.890625 0.0392323 19.4036 0.891203 0.453573 0.00535718 37.2184 -0.022566 0.0325369 0.999216 0.923229
0.45201 -0.891361 0.0341054 19.8195 0.891895 0.452241 -0.00105802 38.0469 -0.0144808 0.0308966 0.999418 0.916615
0.451231 -0.891887 0.0304644 20.2325 0.892368 0.45127 -0.00598573 38.8666 -0.00840907 0.0298864 0.999518 0.914929
0.450045 -0.892618 0.0263001 20.633 0.892959 0.450128 -0.00301713 39.6878 -0.00914528 0.0248428 0.99965 0.917442
0.449159 -0.893112 0.0246607 21.0316 0.893373 0.449315 0.000907575 40.4967 -0.011891 0.0216235 0.999695 0.925337
0.447878 -0.893798 0.0230344 21.4222 0.893989 0.448072 0.00382902 41.293 -0.0137435 0.0188776 0.999727 0.93333
0.446794 -0.894354 0.0225002 21.8076 0.894545 0.446968 0.00311506 42.0744 -0.0128428 0.0187356 0.999742 0.935908
