0.477284 -0.878556 0.0184031 0.681433 0.878745 0.477243 -0.00686302 0.552625 -0.00275319 0.0194472 0.999807 0.791128
0.472888 -0.881008 0.0142354 1.89924 0.881119 0.472871 -0.00474069 2.93115 -0.00255493 0.0147849 0.999887 0.805198
0.470459 -0.882287 0.0154489 2.7321 0.882411 0.47047 -0.00315605 4.54743 -0.00448371 0.0151171 0.999876 0.811514
0.468012 -0.88358 0.0158237 3.57241 0.883718 0.467988 -0.00541075 6.17709 -0.00262447 0.016516 0.99986 0.816157
0.467129 -0.884019 0.0173616 4.42399 0.884154 0.467196 -0.000274736 7.83315 -0.00786838 0.0154786 0.999849 0.823036
0.467689 -0.8837 0.0184801 4.85329 0.883817 0.467821 0.00335548 8.66762 -0.0116106 0.0147637 0.999824 0.828415
0.470097 -0.882356 0.021373 5.72365 0.882479 0.470312 0.00615442 10.3446 -0.0154824 0.015968 0.999753 0.8254
0.47122 -0.881789 0.02003 6.16114 0.881917 0.471386 0.00429228 11.1862 -0.0132268 0.0156422 0.99979 0.820601
0.472197 -0.881337 0.0166164 6.60077 0.881456 0.472266 0.000316469 12.0321 -0.0081263 0.0144972 0.999862 0.817176
0.473348 -0.880743 0.0152862 7.04542 0.880864 0.47336 -0.00306271 12.8821 -0.00453841 0.0149148 0.999878 0.815236
0.473711 -0.880411 0.0217918 7.95187 0.880621 0.473821 -0.000107115 14.6038 -0.0102311 0.0192411 0.999763 0.816147
0.472828 -0.880752 0.026643 8.40868 0.881039 0.47304 0.00194494 15.4713 -0.0143162 0.0225539 0.999643 0.815519
0.471952 -0.880993 0.0333507 8.87196 0.881509 0.472164 -0.00172676 16.3343 -0.0142257 0.0302139 0.999442 0.810251
0.469498 -0.882378 0.0313101 9.78285 0.882914 0.469427 -0.0100568 18.0757 -0.0058239 0.0323657 0.999459 0.799617
0.467851 -0.883298 0.0300035 10.2455 0.883797 0.467738 -0.0111058 18.9736 -0.004224 0.0317128 0.999488 0.809203
0.465798 -0.884386 0.0298722 11.2023 0.884841 0.465865 -0.00510241 20.848 -0.0094039 0.0288088 0.999541 0.868151
0.464629 -0.884993 0.030127 11.6768 0.885444 0.464729 -0.00401181 21.7793 -0.0104505 0.0285398 0.999538 0.89194
0.463423 -0.885526 0.0329029 12.6189 0.885985 0.463712 0.00131853 23.627 -0.0164251 0.0285404 0.999458 0.920858
0.462932 -0.885929 0.0286987 13.075 0.886209 0.463255 0.00543462 24.5447 -0.0181095 0.0229172 0.999573 0.924901
0.46288 -0.885992 0.0275842 13.9915 0.886261 0.463164 0.00460866 26.3643 -0.0168592 0.0223135 0.999609 0.92664
0.463145 -0.885952 0.0242028 14.4416 0.88617 0.463349 0.00327668 27.266 -0.0141173 0.0199302 0.999702 0.929394
0.462366 -0.886363 0.0240424 14.895 0.886582 0.462561 0.00300532 28.1603 -0.0137849 0.019926 0.999706 0.93619
0.460352 -0.88733 0.0268639 15.7991 0.887589 0.460616 0.00431695 29.9437 -0.0162045 0.0218567 0.99963 0.947217
0.460141 -0.887535 0.0235066 16.2386 0.887731 0.460346 0.00388124 30.8291 -0.0142659 0.0190816 0.999716 0.952231
0.459248 -0.888094 0.019517 17.1165 0.888273 0.459314 -0.00121411 32.586 -0.0078862 0.017894 0.999809 0.956782
0.458886 -0.888239 0.0213241 17.5603 0.888427 0.459015 0.00132014 33.4645 -0.0109607 0.0183392 0.999772 0.966023
0.458532 -0.88832 0.0252141 18.0021 0.888568 0.458737 0.00272737 34.3372 -0.0139894 0.0211538 0.999678 0.970026
0.458141 -0.888401 0.0291571 18.8768 0.888766 0.45836 0.000960606 36.0663 -0.0142179 0.0254737 0.999574 0.971977
0.457725 -0.888543 0.0313008 19.3176 0.889006 0.45789 -0.00209638 36.9256 -0.0124696 0.0287862 0.999508 0.970596
0.455556 -0.889412 0.0376093 20.1889 0.890038 0.455886 0.000222033 38.6422 -0.017343 0.0333726 0.999292 0.966271
0.454854 -0.889582 0.0418448 20.6197 0.890276 0.455403 0.0041447 39.504 -0.0227433 0.0353682 0.999116 0.958328
0.454281 -0.889879 0.0417669 21.0411 0.890507 0.45492 0.00677397 40.3605 -0.0250286 0.0341164 0.999104 0.949994
0.45201 -0.891361 0.0341054 21.8769 0.891895 0.452241 -0.00105802 42.0336 -0.0144808 0.0308967 0.999418 0.936933
0.451231 -0.891887 0.0304644 22.2898 0.892368 0.45127 -0.00598573 42.8533 -0.00840908 0.0298864 0.999518 0.935246
0.449159 -0.893112 0.0246607 23.0889 0.893373 0.449315 0.000907577 44.4834 -0.011891 0.0216235 0.999695 0.945653
0.447878 -0.893798 0.0230344 23.4796 0.893989 0.448072 0.00382902 45.2797 -0.0137435 0.0188776 0.999727 0.953644
0.446794 -0.894354 0.0225002 23.8649 0.894545 0.446968 0.00311506 46.0611 -0.0128428 0.0187356 0.999742 0.956222
0.443951 -0.895809 0.020807 24.612 0.895938 0.444144 0.00553715 47.5928 -0.0142016 0.0161836 0.999768 0.963631
0.442482 -0.896522 0.0213889 24.9778 0.89665 0.442695 0.00631708 48.3407 -0.0151322 0.0163832 0.999751 0.967208
0.439833 -0.897828 0.0212625 25.6883 0.897899 0.440096 0.009632 49.8047 -0.0180054 0.0148552 0.999728 0.970087
0.438647 -0.898394 0.0218323 26.0332 0.898378 0.438988 0.0143436 50.5245 -0.0224703 0.0133219 0.999659 0.970063
0.436914 -0.899266 0.020642 26.3741 0.89917 0.437262 0.0171682 51.2261 -0.0244647 0.0110597 0.99964 0.97354
0.434618 -0.900536 0.0119226 27.0132 0.90051 0.434731 0.00955262 52.5727 -0.0137856 0.00658466 0.999883 0.98175
0.43336 -0.901165 0.0100176 27.3205 0.901184 0.433416 0.00419068 53.2187 -0.0081183 0.00721165 0.999941 0.982967
0.432949 -0.901381 0.00827237 27.6186 0.901401 0.43298 0.00234436 53.8514 -0.00569493 0.00644173 0.999963 0.988458
0.431014 -0.902307 0.00832683 28.1876 0.902265 0.43108 0.0093422 55.0645 -0.0120191 0.0034864 0.999922 1.0177
0.429868 -0.902841 0.00952913 28.4627 0.902843 0.42993 0.00580332 55.6369 -0.00933633 0.00610865 0.999938 1.0296
0.42986 -0.902784 0.0141517 28.7356 0.902884 0.429881 -0.00172662 56.1884 -0.00452479 0.0135196 0.999898 1.03897
0.433308 -0.901141 0.0137773 29.2464 0.901244 0.433224 -0.00870676 57.253 0.00187737 0.0161894 0.999867 1.0635
0.440705 -0.897562 0.0127338 29.7352 0.89764 0.440727 -0.00119749 58.2723 -0.0045373 0.0119581 0.999918 1.08842
0.452154 -0.891609 0.0243031 30.236 0.891845 0.452336 0.00226452 59.2252 -0.0130122 0.0206507 0.999702 1.11284
0.461278 -0.88698 0.0221267 30.4729 0.88716 0.461451 0.00315721 59.6811 -0.0130108 0.0181736 0.99975 1.12076
0.489774 -0.871752 0.0130602 30.9328 0.871736 0.489897 0.00877715 60.5591 -0.0140496 0.00708621 0.999876 1.13269
0.529879 -0.847886 0.0178119 31.4317 0.847909 0.530073 0.00855287 61.3522 -0.0166935 0.0105709 0.999805 1.13928
0.553939 -0.832316 0.0200388 31.6919 0.832341 0.554183 0.00946649 61.7248 -0.0189843 0.0114352 0.999754 1.14254
0.609773 -0.792268 0.0221172 32.2384 0.792239 0.61009 0.0121427 62.4275 -0.0231138 0.0101178 0.999682 1.14462
0.641585 -0.766729 0.0222424 32.5265 0.766673 0.64191 0.0128038 62.7548 -0.0240947 0.00883793 0.999671 1.14218
0.675202 -0.737279 0.0228317 32.8268 0.737202 0.675542 0.0132873 63.0603 -0.0252202 0.00786001 0.999651 1.14124
0.747152 -0.664378 0.0191339 33.4569 0.664251 0.747392 0.0132648 63.6 -0.0231134 0.00279893 0.999729 1.14312
0.784168 -0.620273 0.0185068 33.7881 0.620148 0.784384 0.012545 63.8312 -0.0222978 0.00163962 0.99975 1.1394
0.886216 -0.462951 0.017243 34.8315 0.462865 0.886384 0.00890949 64.3609 -0.0194086 8.54526e-05 0.999812 1.11945
0.957908 -0.286232 0.021983 35.9326 0.286058 0.958152 0.0107739 64.6632 -0.0241469 -0.00403206 0.9997 1.1093
0.973808 -0.226135 0.0236832 36.308 0.225932 0.974082 0.010957 64.716 -0.0255472 -0.00531921 0.999659 1.10124
0.998289 -0.0534752 0.0236633 37.4375 0.0533979 0.998566 0.00388742 64.724 -0.0238372 -0.0026172 0.999712 1.07971
0.999726 0.000700234 0.0233924 37.814 -0.000901151 0.999963 0.00857954 64.6984 -0.0233855 -0.00859828 0.99969 1.0734
0.989938 0.139744 0.0222328 38.9333 -0.139551 0.990164 -0.0100372 64.4777 -0.0234167 0.00683357 0.999702 1.0471
0.977418 0.210212 0.0215639 39.6782 -0.209961 0.977619 -0.013331 64.2775 -0.0238836 0.00850241 0.999679 1.03051
0.962809 0.269513 0.0190298 40.4327 -0.269661 0.962939 0.00564699 64.0723 -0.0168026 -0.0105686 0.999803 1.0341
0.94818 0.317448 0.0134872 41.1949 -0.317486 0.948263 0.000724108 63.7821 -0.0125595 -0.00496857 0.999909 1.02868
0.941521 0.336934 0.00383876 41.5809 -0.336915 0.941523 -0.00477382 63.6105 -0.00522274 0.00320131 0.999981 1.00888
0.934693 0.35543 -0.00438652 41.976 -0.355446 0.93469 -0.00358807 63.4407 0.00282473 0.00491292 0.999984 0.990689
0.928186 0.372088 -0.00458592 42.3897 -0.372094 0.928195 -0.000557146 63.2654 0.00404932 0.00222353 0.999989 0.985585
0.922286 0.386504 0.00167935 42.8184 -0.386505 0.922287 0.000442812 63.0766 -0.0013777 -0.00105748 0.999999 0.991257
0.910944 0.412478 0.00659334 43.6847 -0.412463 0.910967 -0.00353964 62.6531 -0.00746634 0.0005049 0.999972 0.998919
0.901426 0.432916 0.0038176 44.5808 -0.432865 0.901407 -0.00966894 62.1796 -0.00762704 0.00706333 0.999946 0.994742
0.894941 0.446182 0.00121058 45.529 -0.446134 0.894878 -0.0125573 61.6684 -0.00668617 0.010698 0.99992 0.989972
0.889428 0.457074 -0.00139389 46.5363 -0.457051 0.889345 -0.0130421 61.1208 -0.00472156 0.0122371 0.999914 0.977036
0.885608 0.464423 -0.00316325 47.6034 -0.464408 0.885466 -0.0165855 60.5219 -0.00490176 0.0161573 0.999857 0.965766
0.882472 0.470351 -0.0035266 48.7281 -0.470327 0.882283 -0.0192181 59.879 -0.00592781 0.0186181 0.999809 0.95478
0.881764 0.471659 -0.00544905 49.3095 -0.471651 0.881479 -0.0232392 59.541 -0.00615774 0.0230615 0.999715 0.948343
0.881821 0.47153 -0.00713158 49.9026 -0.471541 0.881437 -0.0267935 59.1923 -0.00634791 0.02699 0.999616 0.940415
0.882598 0.470059 -0.00803764 50.5154 -0.470084 0.882156 -0.0286666 58.8401 -0.00638456 0.0290795 0.999557 0.933052
0.884037 0.467319 -0.00953922 51.1443 -0.467379 0.883523 -0.03073 58.4833 -0.0059326 0.0316249 0.999482 0.926397
0.885769 0.464022 -0.00985964 51.79 -0.464089 0.885224 -0.0316099 58.1201 -0.00593969 0.0325748 0.999452 0.920137
0.88752 0.460681 -0.00907652 52.4553 -0.46071 0.886911 -0.0336883 57.756 -0.00746949 0.0340807 0.999391 0.917682
0.889304 0.457249 -0.0078632 53.1351 -0.457232 0.888677 -0.0345282 57.3896 -0.00880015 0.0343014 0.999373 0.915742
0.892964 0.450118 -0.00308567 54.5401 -0.449967 0.89244 -0.0328716 56.6549 -0.0120423 0.0307416 0.999455 0.905893
0.894754 0.446551 -0.0026992 55.2555 -0.44642 0.894306 -0.0304281 56.288 -0.0111738 0.0284306 0.999533 0.902304
0.896258 0.443509 -0.00452746 55.9749 -0.44346 0.895881 -0.0272158 55.9229 -0.00801441 0.0264002 0.999619 0.90124
0.896887 0.4422 -0.0073302 56.7007 -0.442255 0.896671 -0.0197674 55.5609 -0.00216837 0.020971 0.999778 0.900404
0.896741 0.44247 -0.00868852 57.4293 -0.442555 0.896597 -0.016114 55.1922 0.000660127 0.0182952 0.999832 0.899904
0.896771 0.442427 -0.0077292 58.1612 -0.442494 0.896664 -0.0138651 54.8217 0.000796214 0.0158539 0.999874 0.907158
0.896735 0.44255 -0.00391315 58.8951 -0.442563 0.896651 -0.0124756 54.4512 -0.00201234 0.0129191 0.999915 0.918453
0.896743 0.442549 -0.00169503 60.3546 -0.442536 0.896669 -0.012117 53.7032 -0.0038425 0.011616 0.999925 0.936559
0.896632 0.442777 -0.000283848 61.809 -0.442764 0.896602 -0.00809987 52.9587 -0.00333193 0.00738828 0.999967 0.958061
0.896104 0.443845 0.000117462 62.5345 -0.443839 0.896093 -0.00494368 52.5891 -0.00229949 0.00437792 0.999988 0.966374
0.893168 0.449705 0.00407367 63.9828 -0.449707 0.893176 -0.000547683 51.8465 -0.0038848 -0.00134278 0.999992 0.984523
0.890962 0.454016 0.00744037 64.7055 -0.454031 0.890986 0.000273789 51.4702 -0.00650496 -0.00362209 0.999972 0.995042
0.888063 0.459598 0.0106591 65.4239 -0.459634 0.888108 0.00111529 51.0878 -0.00895388 -0.00588975 0.999943 1.00402
0.880521 0.473882 0.0108824 66.8367 -0.473936 0.880555 0.0028671 50.3085 -0.00822384 -0.00768208 0.999937 1.01655
0.87068 0.491739 0.010435 68.2209 -0.491781 0.870717 0.00175286 49.5012 -0.00822397 -0.00665791 0.999944 1.02725
0.8653 0.501103 0.0123362 68.9017 -0.501161 0.865352 0.00196827 49.0929 -0.00968888 -0.00788559 0.999922 1.03368
0.859634 0.510755 0.0125957 69.5764 -0.510804 0.859697 0.000765655 48.6749 -0.0104374 -0.00709211 0.99992 1.03628
0.84805 0.529776 0.0121735 70.8971 -0.529824 0.848107 0.000893767 47.8264 -0.00985092 -0.00720776 0.999925 1.04227
0.836642 0.547649 0.0105071 72.1822 -0.547695 0.836676 0.00194065 46.963 -0.00772822 -0.00737831 0.999943 1.04763
0.825912 0.563726 0.0090735 73.4233 -0.563761 0.825937 0.0015821 46.0875 -0.00660227 -0.00642196 0.999958 1.05638
0.820487 0.571596 0.00884968 74.0297 -0.571627 0.820512 0.00125124 45.6484 -0.00654607 -0.00608535 0.99996 1.0604
0.81544 0.578779 0.00848566 74.6246 -0.578801 0.815469 8.59599e-05 45.2061 -0.00687004 -0.0049816 0.999964 1.06566
0.811016 0.584957 0.00883114 75.2104 -0.584966 0.811056 -0.00187593 44.7631 -0.00825989 -0.0036445 0.999959 1.07106
0.807808 0.589382 0.00867291 75.7847 -0.58936 0.807854 -0.00509857 44.3217 -0.0100114 -0.0009928 0.999949 1.07829
0.805348 0.59274 0.00859273 76.3534 -0.592679 0.805392 -0.00871525 43.881 -0.0120864 0.00192609 0.999925 1.08165
0.802451 0.596648 0.0090667 77.4599 -0.596544 0.802492 -0.0118776 43.0242 -0.0143627 0.00412247 0.999888 1.0852
0.802159 0.597064 0.00737066 78.5191 -0.596961 0.802174 -0.0123962 42.2021 -0.0133139 0.00554377 0.999896 1.08704
0.806624 0.591044 0.00494145 79.5275 -0.590957 0.806609 -0.0123398 41.4305 -0.0112792 0.00703338 0.999912 1.08989
0.811067 0.584934 0.00477193 80.0149 -0.584857 0.811055 -0.0115412 41.0715 -0.0106212 0.00656983 0.999922 1.09257
0.817272 0.576232 0.00489457 80.4914 -0.576163 0.817265 -0.0106769 40.7287 -0.0101526 0.00590589 0.999931 1.09651
0.824868 0.565305 0.00485421 80.9552 -0.565239 0.824862 -0.0103981 40.4044 -0.00988212 0.00583324 0.999934 1.10123
0.834152 0.551519 0.00416128 81.4101 -0.551471 0.834147 -0.00890796 40.1044 -0.00838402 0.00513577 0.999952 1.10559
0.845233 0.534392 0.00236268 81.8654 -0.534368 0.845225 -0.00666431 39.8223 -0.00555835 0.00437036 0.999975 1.1136
0.871652 0.490125 -0.000804 82.7816 -0.490126 0.87165 -0.00188358 39.3019 -0.000222385 0.00203589 0.999998 1.1287
0.903569 0.42844 0.00130972 83.7202 -0.428437 0.903569 -0.00195541 38.845 -0.0020212 0.00120572 0.999997 1.14332
0.937074 0.349002 0.00952013 84.6832 -0.348992 0.937122 -0.00276528 38.4803 -0.00988661 -0.000731177 0.999951 1.16029
0.952783 0.303323 0.0141407 85.1745 -0.303339 0.952882 -0.00104164 38.3336 -0.0137904 -0.00329696 0.999899 1.1686
0.979909 0.198713 0.0171003 86.1523 -0.198769 0.980045 0.00164964 38.1371 -0.0164312 -0.0050155 0.999852 1.18117
0.997147 0.0748363 0.00990862 87.1107 -0.0748113 0.997194 -0.00287524 38.0543 -0.010096 0.00212576 0.999947 1.18828
0.999957 0.00835264 0.00403121 87.5822 -0.00832947 0.999949 -0.00573106 38.063 -0.00407887 0.00569723 0.999975 1.19253
0.998233 -0.059423 -0.00021208 88.048 0.0594216 0.998224 -0.00423819 38.1121 0.00046355 0.0042181 0.999991 1.19536
0.980803 -0.194918 -0.00579607 88.9594 0.194896 0.980815 -0.00410918 38.306 0.00648582 0.00290067 0.999975 1.2034
0.965359 -0.260874 -0.00519441 89.4031 0.260842 0.965362 -0.00617384 38.4457 0.00662508 0.00460505 0.999967 1.21136
0.945643 -0.325204 -0.00100281 89.8369 0.325193 0.94563 -0.00584929 38.617 0.00285049 0.00520523 0.999982 1.22127
0.894489 -0.446978 0.0100199 90.6626 0.447017 0.894523 -0.00197804 39.0541 -0.00807887 0.00624839 0.999948 1.24218
0.835033 -0.549892 0.0183836 91.4389 0.549886 0.835219 0.00581752 39.5965 -0.0185533 0.00525106 0.999814 1.25522
0.806082 -0.591504 0.0188457 91.8059 0.591439 0.806295 0.00942448 39.9001 -0.0207698 0.0035492 0.999778 1.25834
0.755764 -0.654731 0.012219 92.5082 0.654506 0.755841 0.0180287 40.5665 -0.0210396 -0.00562805 0.999763 1.24568
0.717347 -0.696588 0.0133609 93.2045 0.696453 0.717471 0.0136905 41.2552 -0.0191227 -0.000515616 0.999817 1.22929
0.70578 -0.708254 0.0158225 93.5529 0.708162 0.705952 0.0118032 41.6089 -0.0195296 0.00287446 0.999805 1.22777
0.69637 -0.717566 0.012937 93.8985 0.717434 0.69649 0.013806 41.9783 -0.0189172 -0.000332619 0.999821 1.22068
0.689197 -0.724519 0.00892816 94.2479 0.724325 0.689231 0.0177148 42.3615 -0.0189883 -0.00574207 0.999803 1.20717
0.684581 -0.72893 0.0030194 94.5993 0.728722 0.684474 0.0214567 42.7523 -0.0177071 -0.0124885 0.999765 1.19993
0.681774 -0.731536 -0.00625766 95.3305 0.731467 0.681522 0.0219774 43.5484 -0.0118125 -0.0195609 0.999739 1.19891
0.689542 -0.724148 -0.0119116 96.5074 0.724239 0.689512 0.00712988 44.7698 0.00305009 -0.0135432 0.999904 1.18999
0.696815 -0.717082 -0.0155479 97.3361 0.717249 0.696608 0.0170418 45.647 -0.00138954 -0.0230267 0.999734 1.1975
0.700382 -0.71368 -0.0112102 97.775 0.713744 0.700141 0.0192934 46.0889 -0.0059206 -0.021514 0.999751 1.20221
0.705561 -0.708649 -0.00018847 98.6868 0.708453 0.705359 0.0237199 46.9886 -0.0166762 -0.0168694 0.999719 1.20653
0.708311 -0.705884 0.00494245 99.627 0.705734 0.708278 0.0168115 47.9058 -0.0153676 -0.00841972 0.999846 1.19798
0.708178 -0.706029 0.00256894 100.104 0.705971 0.708158 0.0108213 48.3732 -0.00945941 -0.00584984 0.999938 1.19412
0.707778 -0.70643 -0.00272881 100.582 0.706434 0.707762 0.00486143 48.8516 -0.00150291 -0.00536854 0.999984 1.1905
0.706125 -0.708045 -0.00777853 101.071 0.708081 0.706123 0.00351422 49.3442 0.00300437 -0.00798931 0.999964 1.18803
0.704315 -0.709869 -0.00505805 101.574 0.709887 0.70429 0.00596045 49.8493 -0.000668811 -0.00778868 0.999969 1.18805
0.703044 -0.711144 0.00189985 102.091 0.711102 0.703028 0.00924437 50.3651 -0.00790972 -0.00514821 0.999955 1.19316
0.701173 -0.71297 0.00553636 102.61 0.712838 0.701162 0.0152713 50.8917 -0.0147699 -0.00676132 0.999868 1.19892
0.699795 -0.714337 0.003183 103.127 0.714196 0.699733 0.0172501 51.4257 -0.0145496 -0.00979824 0.999846 1.19884
0.69584 -0.718159 -0.00742252 104.174 0.718183 0.695724 0.0134722 52.5145 -0.00451117 -0.0147052 0.999882 1.19051
0.692861 -0.721018 -0.00872216 104.711 0.72107 0.692791 0.00991408 53.0702 -0.0011056 -0.0131584 0.999913 1.18842
0.690097 -0.723688 -0.00650103 105.259 0.723713 0.690033 0.0097239 53.6387 -0.00255114 -0.0114153 0.999932 1.19088
0.687464 -0.726214 -0.00261907 105.813 0.726208 0.68743 0.0079381 54.213 -0.00396433 -0.00735914 0.999965 1.19579
0.68604 -0.727564 5.62409e-05 106.373 0.727532 0.68601 0.00937414 54.8002 -0.00685887 -0.00639012 0.999956 1.20089
0.684369 -0.729088 0.00837699 107.519 0.729055 0.684419 0.00698828 56.0045 -0.0108284 0.00132472 0.999941 1.19974
0.684245 -0.729239 0.00433499 108.664 0.729177 0.684248 0.0102493 57.2329 -0.0104404 -0.00385205 0.999938 1.20086
0.684698 -0.728824 -0.00182606 109.237 0.72879 0.684637 0.0116759 57.8535 -0.00725946 -0.00932525 0.99993 1.20046
0.685245 -0.728265 -0.00833413 109.812 0.72829 0.685088 0.0157777 58.4775 -0.00578074 -0.0168812 0.999841 1.19919
0.687103 -0.726438 -0.0133172 110.392 0.726532 0.6868 0.0213873 59.1089 -0.00639032 -0.0243706 0.999683 1.20209
0.689482 -0.724164 -0.0141945 110.98 0.724245 0.689047 0.0261361 59.7388 -0.00914616 -0.0283006 0.999558 1.20741
0.691292 -0.722424 -0.0147982 111.575 0.722524 0.690855 0.0260375 60.3623 -0.0085867 -0.0286916 0.999551 1.21033
0.6928 -0.720943 -0.0164204 112.171 0.72111 0.692431 0.0232377 60.9871 -0.00538311 -0.02794 0.999595 1.20859
0.693529 -0.72035 -0.0106609 112.784 0.720402 0.693297 0.0189984 61.619 -0.00629433 -0.0208561 0.999763 1.1993
0.694905 -0.719087 -0.00456677 114.001 0.719075 0.694812 0.0129308 62.8719 -0.00612531 -0.0122695 0.999906 1.19476
0.695651 -0.718355 -0.00595578 114.602 0.718336 0.695494 0.016784 63.5061 -0.00791468 -0.0159541 0.999841 1.19194
0.696309 -0.717729 -0.00431309 115.205 0.717623 0.696072 0.0223875 64.1409 -0.0130659 -0.0186838 0.99974 1.18847
0.697919 -0.716149 -0.00639375 116.404 0.716053 0.697604 0.0248192 65.3731 -0.013314 -0.0219001 0.999672 1.19609
0.69799 -0.715968 -0.0141238 117.601 0.71602 0.698077 -0.00181559 66.5452 0.0111594 -0.00884568 0.999899 1.21308
0.696416 -0.717614 0.0058805 118.818 0.717457 0.696401 0.016788 67.7675 -0.0161425 -0.00747242 0.999842 1.23994
0.694823 -0.719057 0.0133444 120.012 0.718586 0.694884 0.0277578 68.9744 -0.0292322 -0.00969763 0.999526 1.24559
0.694201 -0.719781 -0.00065872 120.587 0.719654 0.694059 0.0194993 69.5584 -0.013578 -0.0140105 0.99981 1.22685
0.693442 -0.720485 -0.00626794 121.17 0.720499 0.69335 0.0121499 70.1406 -0.00440793 -0.0129413 0.999907 1.21039
0.692099 -0.721789 -0.00440367 121.759 0.721798 0.692057 0.00805139 70.726 -0.00276381 -0.00875092 0.999958 1.21059
0.690135 -0.723677 -0.00226695 122.337 0.723654 0.690079 0.0107228 71.3252 -0.00619546 -0.00904065 0.99994 1.21119
0.687583 -0.726101 -0.00281763 122.906 0.726092 0.687539 0.0089511 71.9194 -0.00456217 -0.00820047 0.999956 1.20016
0.68406 -0.729413 -0.0043834 123.471 0.729423 0.684026 0.00715087 72.5107 -0.00221758 -0.00808898 0.999965 1.18523
0.681703 -0.731593 -0.00725304 124.028 0.731622 0.681619 0.011148 73.111 -0.00321196 -0.0129061 0.999912 1.1812
0.68005 -0.733051 -0.0129808 124.581 0.733165 0.679909 0.0139196 73.7115 -0.00137798 -0.0189831 0.999819 1.17418
0.67867 -0.734322 -0.013339 125.14 0.734434 0.678455 0.0174679 74.3122 -0.00377715 -0.0216516 0.999758 1.17324
0.676648 -0.736261 -0.00823342 126.259 0.736251 0.676417 0.0198697 75.5033 -0.00906002 -0.0195066 0.999769 1.17141
0.674779 -0.737967 -0.0087657 126.811 0.737999 0.674625 0.0154428 76.0973 -0.0054827 -0.0168895 0.999842 1.16913
0.671479 -0.740991 -0.00698662 127.36 0.741019 0.671412 0.00985901 76.6841 -0.00261454 -0.0117973 0.999927 1.16318
0.661583 -0.749868 -0.00250283 128.444 0.749856 0.661544 0.00866516 77.8957 -0.00484199 -0.00760949 0.999959 1.16535
0.656858 -0.754005 0.00365328 128.983 0.75389 0.65683 0.0149625 78.5133 -0.0136814 -0.00707409 0.999881 1.16956
0.653505 -0.756834 0.0115769 129.514 0.756588 0.653595 0.0197003 79.1356 -0.0224765 -0.00411524 0.999739 1.16472
0.650338 -0.759597 0.00849391 130.031 0.759184 0.650292 0.027575 79.7613 -0.0264695 -0.0114847 0.999584 1.15712
0.647029 -0.762458 0.00331521 130.54 0.762155 0.646884 0.0257152 80.381 -0.0217514 -0.0141118 0.999664 1.14741
0.636788 -0.771031 -0.00365604 131.566 0.771024 0.636737 0.00939882 81.612 -0.00491884 -0.00880395 0.999949 1.12274
0.625585 -0.780135 -0.0056397 132.587 0.780105 0.625445 0.0159821 82.8925 -0.00894086 -0.0143977 0.999856 1.12329
0.619425 -0.784982 -0.0107686 133.084 0.785014 0.619193 0.0187637 83.5418 -0.00806135 -0.0200762 0.999766 1.12247
0.611647 -0.790969 -0.0159761 133.582 0.791127 0.611457 0.0154804 84.1841 -0.00247586 -0.0221077 0.999753 1.11848
0.604769 -0.796231 -0.0164353 134.078 0.796401 0.604651 0.0119505 84.8302 0.000422266 -0.0203164 0.999794 1.11094
0.598301 -0.801115 -0.0158089 134.572 0.801271 0.598161 0.0130043 85.4891 -0.000961744 -0.0204477 0.99979 1.10755
0.585459 -0.810574 -0.0143841 135.531 0.810587 0.584986 0.0271954 86.8432 -0.0136294 -0.0275813 0.999527 1.10241
0.574041 -0.818751 -0.0111549 136.476 0.818603 0.573512 0.0311866 88.1957 -0.0191366 -0.0270338 0.999451 1.09318
0.570413 -0.82128 -0.0113484 136.942 0.82116 0.569917 0.029825 88.8745 -0.018027 -0.0263314 0.999491 1.08823
0.5638 -0.82548 -0.026702 137.844 0.825887 0.563242 0.025871 90.2382 -0.00631631 -0.0366389 0.999309 1.07791
0.55894 -0.828737 -0.027945 138.753 0.829165 0.558246 0.0291214 91.6218 -0.00853377 -0.0394481 0.999185 1.0615
0.55712 -0.830057 -0.0249427 139.21 0.830239 0.556092 0.0382733 92.3274 -0.0178986 -0.0420312 0.998956 1.05247
0.554379 -0.831986 -0.021538 139.666 0.831852 0.553104 0.0457986 93.0292 -0.026191 -0.0433062 0.998719 1.04429
0.550436 -0.834614 -0.0209936 140.116 0.834526 0.549301 0.0428198 93.719 -0.0242061 -0.0410892 0.998862 1.0315
0.546113 -0.837544 -0.0167311 140.569 0.837561 0.545528 0.0298439 94.3972 -0.0158683 -0.0303114 0.999415 1.01583
0.540354 -0.841288 -0.0158664 141.015 0.841394 0.54004 0.020314 95.0822 -0.00852149 -0.0243266 0.999668 0.995592
0.534517 -0.844957 -0.0184232 141.448 0.845099 0.534094 0.0234955 95.787 -0.010013 -0.0281281 0.999554 0.981164
0.528255 -0.848963 -0.0144644 141.885 0.848954 0.527795 0.0266323 96.4975 -0.0149756 -0.0263483 0.999541 0.971455
0.521929 -0.852946 -0.00859364 142.326 0.85276 0.521529 0.028426 97.209 -0.019764 -0.0221647 0.999559 0.960266
0.51174 -0.859131 0.00403089 143.201 0.858834 0.511677 0.0243098 98.6468 -0.0229478 -0.00897842 0.999696 0.931602
0.500526 -0.865702 0.00573945 144.046 0.86569 0.500554 0.0052588 100.081 -0.00742546 0.00233641 0.99997 0.903661
0.488948 -0.872196 0.0143234 144.887 0.872282 0.489004 0.000489937 101.539 -0.00743152 0.0122545 0.999897 0.886892
0.484199 -0.874875 0.0120987 145.289 0.874721 0.484343 0.016573 102.301 -0.0203592 0.00255833 0.999789 0.88219
0.479777 -0.877323 0.0109338 145.688 0.876904 0.479888 0.0273332 103.059 -0.0292271 -0.00352594 0.999567 0.877508
0.474836 -0.880064 0.00415049 146.474 0.879907 0.474833 0.0172775 104.546 -0.0171761 -0.00455196 0.999842 0.846295
0.470778 -0.882171 -0.0119553 147.246 0.882244 0.470676 0.0104341 106.046 -0.00357755 -0.0154597 0.999874 0.826347
0.468357 -0.883526 -0.00480714 147.654 0.883512 0.468292 0.0104458 106.799 -0.00697799 -0.00913952 0.999934 0.82426
0.46793 -0.883765 -0.000426437 148.056 0.883621 0.467845 0.0183311 107.563 -0.0160008 -0.00895446 0.999832 0.821311
0.466708 -0.88441 0.001432 148.851 0.884161 0.466614 0.0230248 109.089 -0.0210315 -0.00947974 0.999734 0.817662
0.46319 -0.886257 0.0016607 149.647 0.886257 0.463192 0.00141763 110.585 -0.00202561 0.000815173 0.999998 0.809259
0.461251 -0.887222 0.00919413 150.054 0.887263 0.461183 -0.00858834 111.33 0.00337958 0.012119 0.999921 0.809577
0.460148 -0.887785 0.0100835 150.45 0.887842 0.460131 -0.00409455 112.095 -0.00100464 0.0108366 0.999941 0.814466
0.457335 -0.88923 0.0106718 151.225 0.889148 0.457445 0.0126955 113.626 -0.016171 0.00368274 0.999862 0.830178
0.456528 -0.889679 0.00734032 151.996 0.889689 0.456557 0.00293701 115.115 -0.00596427 0.00518978 0.999969 0.825028
0.456337 -0.889807 0.000539306 152.37 0.889797 0.456334 0.00443392 115.868 -0.00419143 -0.00154349 0.99999 0.824351
0.45591 -0.890026 -0.000249172 152.749 0.889986 0.455887 0.0095805 116.621 -0.0084133 -0.00458961 0.999954 0.827671
0.454811 -0.890582 -0.00324869 153.503 0.890472 0.454689 0.0178245 118.119 -0.014397 -0.0109996 0.999836 0.829879
0.454343 -0.890801 -0.00681376 153.873 0.890712 0.454148 0.0195141 118.865 -0.0142887 -0.0149352 0.999786 0.827695
0.453837 -0.891061 -0.00641902 154.244 0.891002 0.453686 0.0168648 119.605 -0.0121154 -0.0133732 0.999837 0.826063
0.451892 -0.891984 -0.0125562 154.967 0.892058 0.451758 0.0121378 121.065 -0.00515431 -0.0166858 0.999847 0.814929
0.457095 -0.88932 -0.0131985 155.612 0.88941 0.456976 0.0111262 122.329 -0.00386334 -0.0168246 0.999851 0.802291
0.459778 -0.887931 -0.013502 155.934 0.888028 0.459667 0.0106143 122.96 -0.00321832 -0.0168704 0.999852 0.795974
0.462457 -0.886534 -0.0138086 156.256 0.886638 0.462354 0.0101044 123.59 -0.00257346 -0.0169161 0.999854 0.789658
0.467801 -0.883716 -0.0144314 156.9 0.883833 0.467715 0.00909056 124.85 -0.00128368 -0.0170075 0.999855 0.777025
0.473128 -0.880865 -0.015067 157.544 0.880993 0.473059 0.00808447 126.11 6.27618e-06 -0.0170989 0.999854 0.764388
0.475785 -0.879427 -0.0153896 157.866 0.879561 0.475725 0.00758443 126.74 0.000651267 -0.0171446 0.999853 0.758069
0.478438 -0.877981 -0.0157153 158.188 0.87812 0.478387 0.00708641 127.37 0.00129627 -0.0171903 0.999851 0.751749
0.483728 -0.875065 -0.0163761 158.832 0.875214 0.483697 0.00609663 128.63 0.0025861 -0.0172817 0.999847 0.73911
0.489 -0.872117 -0.0170492 159.476 0.872275 0.488988 0.00511523 129.89 0.0038758 -0.017373 0.999842 0.726471
0.491628 -0.870632 -0.0173904 159.798 0.870794 0.491627 0.0046278 130.52 0.00452048 -0.0174186 0.999838 0.720152
0.494251 -0.869139 -0.0177346 160.12 0.869304 0.49426 0.00414261 131.149 0.00516499 -0.0174642 0.999834 0.713834
0.505455 -0.862776 -0.011522 160.763 0.862853 0.505396 0.00779032 132.285 -0.000898152 -0.0138794 0.999903 0.716566
0.515425 -0.856924 0.00432137 161.434 0.856885 0.515443 0.0081921 133.38 -0.00924742 -0.000519501 0.999957 0.729928
0.519461 -0.854491 0.00233295 162.09 0.854422 0.51945 0.0116316 134.472 -0.0111509 -0.00404883 0.99993 0.729994
0.519518 -0.854455 0.00267795 162.423 0.854371 0.519507 0.0127801 135.023 -0.0123112 -0.00435151 0.999915 0.724172
0.518562 -0.855031 0.0039838 162.757 0.854904 0.518557 0.0154322 135.582 -0.0152609 -0.00459682 0.999873 0.720295
0.518613 -0.854998 0.00433464 163.091 0.854816 0.518597 0.0186499 136.148 -0.0181935 -0.00596675 0.999817 0.713619
0.518661 -0.854967 -0.00474924 163.411 0.85486 0.518487 0.0196465 136.715 -0.0143346 -0.0142498 0.999796 0.706506
0.518033 -0.85525 -0.0137639 163.733 0.855344 0.517854 0.0146385 137.28 -0.00539191 -0.0193561 0.999798 0.69964
0.516281 -0.856244 -0.0173141 164.063 0.856413 0.516246 0.00678907 137.842 0.00312524 -0.0183331 0.999827 0.695251
0.513394 -0.858026 -0.0147766 164.406 0.858106 0.513471 -0.00165826 138.408 0.0090102 -0.0118286 0.999889 0.690202
0.50999 -0.860089 -0.0125589 164.744 0.860174 0.50999 0.00343037 138.992 0.0034545 -0.0125523 0.999915 0.684501
0.506422 -0.862178 -0.0136498 165.073 0.862247 0.506185 0.0175089 139.593 -0.00818642 -0.0206364 0.999754 0.688956
0.502771 -0.864412 -0.00350141 165.418 0.864138 0.5025 0.0275499 140.195 -0.022055 -0.016877 0.999614 0.692768
0.498949 -0.866598 0.00759263 165.767 0.865979 0.498894 0.0344371 140.794 -0.0336311 -0.0106073 0.999378 0.68828
0.494369 -0.869247 0.00285945 166.428 0.868841 0.494234 0.0291232 141.976 -0.0267285 -0.0119132 0.999572 0.666637
0.488899 -0.872335 0.0031153 167.117 0.872267 0.4889 0.0112875 143.09 -0.0113696 -0.00280108 0.999931 0.675775
0.486253 -0.873564 0.0210857 167.831 0.873581 0.486541 0.011568 144.254 -0.0203644 0.0127951 0.999711 0.681882
0.484847 -0.874227 0.0255255 168.181 0.874283 0.485249 0.0127091 144.839 -0.0234969 0.0161546 0.999593 0.695307
0.483889 -0.874723 0.0266644 168.526 0.874872 0.484261 0.00952116 145.427 -0.0212409 0.0187208 0.999599 0.706049
0.483196 -0.875056 0.0282583 168.873 0.875386 0.483423 0.00139168 146.004 -0.0148785 0.0240645 0.9996 0.715599
0.482197 -0.87536 0.0350832 169.223 0.875955 0.48238 -0.00363236 146.595 -0.0137438 0.0324828 0.999378 0.718897
0.481185 -0.87575 0.0390235 169.569 0.876471 0.481444 -0.00306933 147.187 -0.0160997 0.0356799 0.999234 0.726648
0.479507 -0.876413 0.0444146 170.251 0.877215 0.48009 0.00283612 148.382 -0.0238086 0.0376012 0.999009 0.732968
0.479536 -0.87643 0.0437582 170.92 0.877387 0.479741 -0.00637946 149.558 -0.0154014 0.041452 0.999022 0.732414
0.479704 -0.876657 0.03683 171.568 0.87743 0.479265 -0.020524 150.717 0.000341149 0.0421612 0.999111 0.732199
0.480078 -0.876568 0.0339564 171.885 0.877226 0.479722 -0.0184972 151.295 -7.55899e-05 0.0386675 0.999252 0.739612
0.479841 -0.876514 0.0384026 172.206 0.877334 0.479677 -0.0139918 151.869 -0.00615684 0.0404058 0.999164 0.747698
0.47893 -0.87674 0.0441891 172.525 0.877736 0.479081 -0.00779855 152.43 -0.0143328 0.0425213 0.998993 0.757635
0.478478 -0.876823 0.0473222 172.831 0.877889 0.478849 -0.00388655 152.979 -0.0192524 0.0434032 0.998872 0.761291
0.477905 -0.877096 0.0480492 173.127 0.878113 0.478453 -0.000113228 153.514 -0.02289 0.0422468 0.998845 0.762974
0.471443 -0.880091 0.0564052 173.7 0.881526 0.472135 -0.00119875 154.533 -0.0255758 0.0502877 0.998407 0.752718
0.455584 -0.888141 0.0604093 174.215 0.889994 0.455865 -0.00984141 155.484 -0.0187979 0.0582475 0.998125 0.736993
0.443445 -0.894325 0.0594947 174.448 0.896186 0.443477 -0.0133971 155.95 -0.0144032 0.0592592 0.998139 0.72759
0.427158 -0.902225 0.0593885 174.67 0.904115 0.426975 -0.0163654 156.415 -0.0105922 0.0606847 0.998101 0.71584
0.384614 -0.920902 0.0633366 175.074 0.923003 0.38455 -0.0136832 157.353 -0.0117552 0.0637226 0.997898 0.698822
0.358758 -0.931201 0.064476 175.25 0.933341 0.358823 -0.0109703 157.825 -0.0129199 0.0641138 0.997859 0.693066
0.328406 -0.942171 0.0668113 175.412 0.944462 0.328445 -0.0107074 158.295 -0.0118556 0.0666171 0.997708 0.690573
0.294356 -0.953506 0.0646577 175.549 0.955667 0.294196 -0.0122063 158.762 -0.00738323 0.0653843 0.997833 0.688304
0.255822 -0.964952 0.0585036 175.652 0.966723 0.255434 -0.0141494 159.227 -0.00129034 0.0601765 0.998187 0.687711
0.21335 -0.975516 0.0533806 175.734 0.976967 0.212793 -0.0159681 159.691 0.00421808 0.0555578 0.998447 0.683857
0.118484 -0.992239 0.0377188 175.813 0.992897 0.117979 -0.0153625 160.614 0.0107932 0.0392711 0.99917 0.684279
0.0670007 -0.997475 0.0235395 175.803 0.997673 0.0666774 -0.0142613 161.065 0.0126557 0.0244402 0.999621 0.694027
0.0130225 -0.999866 0.00989752 175.768 0.999833 0.0128941 -0.0129299 161.508 0.0128006 0.0100642 0.999867 0.703295
-0.101457 -0.994816 -0.00689847 175.636 0.994788 -0.101378 -0.0108891 162.367 0.0101333 -0.00796729 0.999917 0.707669
-0.159049 -0.987189 -0.0126665 175.538 0.987262 -0.158982 -0.00614433 162.787 0.00405187 -0.0134824 0.999901 0.708084
-0.214881 -0.976435 -0.0200138 175.412 0.976608 -0.214994 0.00365511 163.202 -0.00787184 -0.0187603 0.999793 0.707733
-0.269059 -0.962692 -0.028815 175.264 0.96293 -0.269485 0.0120093 163.606 -0.0193265 -0.0245156 0.999513 0.704197
-0.322037 -0.945989 -0.0373642 175.094 0.946337 -0.322787 0.0159724 163.991 -0.0271704 -0.0302154 0.999174 0.697736
-0.425109 -0.904081 -0.0438264 174.711 0.904454 -0.426175 0.0183748 164.721 -0.03529 -0.0318277 0.99887 0.680646
-0.525788 -0.849933 -0.0340669 174.275 0.849978 -0.526523 0.0176527 165.4 -0.0329406 -0.0196745 0.999264 0.649292
-0.574393 -0.818169 -0.0259134 174.031 0.818101 -0.574852 0.0160002 165.725 -0.0279872 -0.0120094 0.999536 0.628035
-0.6206 -0.783854 -0.0206827 173.755 0.783807 -0.620885 0.0121991 166.042 -0.0224039 -0.00864042 0.999712 0.606567
-0.662158 -0.749115 -0.0193228 173.451 0.749107 -0.662386 0.00914668 166.351 -0.0196511 -0.00841828 0.999771 0.588618
-0.69947 -0.714353 -0.0210036 173.12 0.714392 -0.699712 0.00695221 166.654 -0.0196628 -0.0101419 0.999755 0.575614
-0.732688 -0.680208 -0.0220412 172.768 0.680246 -0.732952 0.00689968 166.953 -0.0208484 -0.00993811 0.999733 0.563909
-0.761901 -0.647359 -0.0207961 172.399 0.647383 -0.762137 0.0064647 167.244 -0.0200345 -0.00853761 0.999763 0.550524
-0.787783 -0.615629 -0.0199617 172.01 0.61566 -0.787994 0.00526563 167.528 -0.0189714 -0.00814145 0.999787 0.53818
-0.8265 -0.562636 -0.0184011 171.178 0.562727 -0.826643 0.000336379 168.075 -0.0154004 -0.0100768 0.999831 0.510312
-0.840603 -0.541393 -0.0167251 170.738 0.541494 -0.840702 -0.00190979 168.343 -0.0130269 -0.0106619 0.999858 0.49504
-0.852769 -0.522033 -0.0162892 170.285 0.522161 -0.852835 -0.00458799 168.606 -0.011497 -0.0124181 0.999857 0.48362
-0.862623 -0.505577 -0.0165354 169.814 0.505744 -0.862647 -0.00793505 168.867 -0.0102524 -0.0152076 0.999832 0.474495
-0.870059 -0.492638 -0.0174538 169.328 0.492854 -0.870037 -0.0114112 169.127 -0.00956392 -0.0185306 0.999783 0.465533
-0.875319 -0.483244 -0.0170684 168.83 0.483478 -0.875242 -0.0141555 169.392 -0.00809845 -0.0206427 0.999754 0.455622
-0.880395 -0.473995 -0.0152802 167.789 0.474207 -0.880262 -0.0163413 169.944 -0.00570481 -0.0216328 0.99975 0.436106
-0.88192 -0.471136 -0.0157494 166.684 0.471354 -0.881808 -0.0154906 170.53 -0.00658974 -0.021085 0.999756 0.419075
-0.881949 -0.471073 -0.0159941 166.105 0.471292 -0.881849 -0.0150536 170.836 -0.00701307 -0.0208144 0.999759 0.410591
-0.881589 -0.471753 -0.0158079 165.509 0.471963 -0.881502 -0.0143022 171.154 -0.00718763 -0.0200694 0.999773 0.401514
-0.881799 -0.471521 -0.00995681 164.268 0.471619 -0.881704 -0.0131834 171.752 -0.00256272 -0.0163209 0.999864 0.362084
-0.8819 -0.471363 -0.00827967 163.617 0.471435 -0.881803 -0.0131273 172.043 -0.00111329 -0.0154803 0.99988 0.334964
-0.881921 -0.471334 -0.00769948 162.946 0.471397 -0.881809 -0.014032 172.357 -0.000175719 -0.0160046 0.999872 0.31275
-0.881753 -0.471646 -0.00785599 162.256 0.471711 -0.881632 -0.0145938 172.679 -4.29908e-05 -0.0165739 0.999863 0.293507
-0.881043 -0.472987 -0.00682701 160.833 0.473035 -0.880978 -0.0107437 173.385 -0.000932838 -0.012695 0.999919 0.26991
-0.880554 -0.473916 -0.00541918 160.108 0.473946 -0.880515 -0.00825693 173.753 -0.000858583 -0.00983907 0.999951 0.269657
-0.880147 -0.474676 -0.00480325 159.365 0.4747 -0.88012 -0.00702411 174.134 -0.00089326 -0.00846235 0.999964 0.267139
-0.879673 -0.475493 -0.00902174 157.843 0.475526 -0.8797 -0.00184933 174.922 -0.00705708 -0.00591688 0.999958 0.260826
-0.879418 -0.475883 -0.0126229 157.071 0.475904 -0.879496 0.00142786 175.322 -0.0117813 -0.00475162 0.999919 0.25829
-0.879316 -0.476048 -0.0135028 156.3 0.476055 -0.879411 0.00286212 175.725 -0.013237 -0.00391136 0.999905 0.251011
-0.880534 -0.473928 -0.00719949 154.766 0.473942 -0.880556 -0.000262811 176.52 -0.006215 -0.00364355 0.999974 0.238901
-0.881609 -0.471959 -0.00454887 153.995 0.471957 -0.88162 0.00146887 176.923 -0.00470362 -0.000851902 0.999989 0.233941
-0.882873 -0.469558 -0.00707624 153.22 0.469529 -0.8829 0.00543392 177.328 -0.00879916 0.00147496 0.99996 0.231007
-0.885825 -0.46377 -0.0152042 151.664 0.463599 -0.885942 0.0135291 178.128 -0.0197444 0.00493583 0.999793 0.220791
-0.887795 -0.460082 -0.0119912 150.13 0.459892 -0.887837 0.0156571 178.976 -0.0178498 0.00838567 0.999806 0.17008
-0.888845 -0.458089 -0.010428 149.361 0.457964 -0.888885 0.0123506 179.383 -0.014927 0.00620208 0.999869 0.150801
-0.890377 -0.455143 -0.00858529 147.817 0.455057 -0.890403 0.0102597 180.194 -0.012314 0.00522821 0.999911 0.1098
-0.891162 -0.453589 -0.00930992 146.25 0.453599 -0.891205 0.00113323 180.999 -0.00881107 -0.00321308 0.999956 0.0705704
-0.891355 -0.453242 -0.00762703 145.465 0.453271 -0.891369 -0.00245953 181.403 -0.00568374 -0.00564942 0.999968 0.062097
-0.891058 -0.453832 -0.00723489 144.688 0.453869 -0.891057 -0.00456026 181.802 -0.00437711 -0.00734714 0.999963 0.055699
-0.889352 -0.457154 -0.00794224 143.147 0.457195 -0.889356 -0.00435937 182.611 -0.00507057 -0.00750816 0.999959 0.0629145
-0.887435 -0.460866 -0.00780755 141.627 0.460884 -0.887461 -0.000495717 183.434 -0.00670043 -0.00403829 0.999969 0.0565228
-0.885859 -0.46393 -0.00471351 140.13 0.46387 -0.885847 0.00998167 184.251 -0.00880625 0.0066559 0.999939 0.0476158
-0.884964 -0.465648 -0.00333796 139.387 0.465604 -0.884946 0.00912257 184.647 -0.00720182 0.00651897 0.999953 0.0429971
-0.884114 -0.467259 -0.00340302 138.64 0.467223 -0.884103 0.0080394 185.042 -0.00676511 0.00551778 0.999962 0.0488608
-0.883845 -0.467768 -0.00325776 137.171 0.467671 -0.883768 0.0153945 185.846 -0.0100801 0.0120828 0.999876 0.0590464
-0.884706 -0.466025 -0.0108126 135.703 0.465845 -0.884728 0.0156759 186.621 -0.0168716 0.00883159 0.999819 0.0761743
-0.885846 -0.463853 -0.0108841 134.976 0.463698 -0.885881 0.0140836 187.004 -0.0161748 0.00742899 0.999842 0.0846635
-0.887159 -0.461389 -0.00830252 134.256 0.461287 -0.887173 0.0117632 187.382 -0.0127932 0.00660594 0.999896 0.09251
-0.890862 -0.454252 -0.00450388 132.817 0.454212 -0.89086 0.00774768 188.123 -0.00753172 0.0048564 0.99996 0.110081
-0.893128 -0.449775 -0.00492642 132.093 0.449745 -0.893136 0.00614373 188.49 -0.00716326 0.00327151 0.999969 0.116832
-0.8953 -0.445423 -0.00611132 131.372 0.445403 -0.89532 0.00433196 188.848 -0.00740114 0.0011564 0.999972 0.117339
-0.89733 -0.441282 -0.00833681 130.651 0.441272 -0.897368 0.00309021 189.202 -0.00884484 -0.000905867 0.99996 0.122741
-0.899202 -0.437363 -0.0122059 129.93 0.437371 -0.899278 0.00215366 189.545 -0.0119185 -0.00340195 0.999923 0.12896
-0.900916 -0.433713 -0.0155662 129.213 0.433781 -0.901017 -0.00112754 189.878 -0.0135364 -0.00776815 0.999878 0.135008
-0.902243 -0.430875 -0.0174174 128.497 0.431013 -0.902332 -0.00490985 190.204 -0.0136007 -0.011937 0.999836 0.143352
-0.90313 -0.428968 -0.0185015 127.79 0.429178 -0.903173 -0.00921602 190.527 -0.0127567 -0.0162637 0.999786 0.149637
-0.903719 -0.427651 -0.0201494 127.092 0.427955 -0.903688 -0.014265 190.843 -0.0121083 -0.0215146 0.999695 0.156553
-0.90434 -0.426128 -0.0241558 125.722 0.426598 -0.904229 -0.0195833 191.468 -0.0134974 -0.0280147 0.999516 0.176155
-0.904302 -0.42604 -0.0269817 124.404 0.426666 -0.904077 -0.0245298 192.071 -0.0139428 -0.0336946 0.999335 0.20114
-0.904075 -0.426453 -0.0280333 123.768 0.427146 -0.903787 -0.0267543 192.364 -0.0139266 -0.0361622 0.999249 0.207423
-0.903545 -0.427476 -0.0295005 123.145 0.428236 -0.903244 -0.027651 192.654 -0.014826 -0.0376171 0.999182 0.217332
