0.477284 -0.878556 0.0184031 0.681433 0.878745 0.477243 -0.00686302 0.552625 -0.00275319 0.0194472 0.999807 0.791128
0.4746 -0.880115 0.0123247 1.50473 0.8802 0.474576 -0.0049994 2.11048 -0.00144893 0.0132209 0.999912 0.800949
0.471974 -0.881502 0.0139377 2.3607 0.881603 0.471982 -0.00295612 3.71314 -0.00397253 0.0136828 0.999899 0.814165
0.469432 -0.882854 0.0142229 3.21334 0.88296 0.469438 -0.00312662 5.33154 -0.00391639 0.0140259 0.999894 0.82393
0.476114 -0.879267 0.0142964 1.11273 0.879383 0.47607 -0.00658161 1.35263 -0.00101911 0.0157056 0.999876 0.791226
0.467427 -0.883914 0.0144466 4.07003 0.884019 0.467444 -0.00240226 6.96198 -0.00462958 0.013894 0.999893 0.835586
0.47524 -0.879761 0.0129826 1.52047 0.879856 0.475202 -0.00601527 2.13696 -0.000877357 0.0142815 0.999898 0.794463
0.467692 -0.883746 0.0160496 4.92293 0.883816 0.467813 0.00458899 8.62223 -0.0115637 0.0120386 0.999861 0.840591
0.473936 -0.880443 0.0143281 1.94829 0.880557 0.47391 -0.00542155 2.93822 -0.00201686 0.0151862 0.999883 0.803264
0.469042 -0.882995 0.0178593 5.36953 0.883058 0.469214 0.00686778 9.4618 -0.0144441 0.0125495 0.999817 0.837274
0.471912 -0.881376 0.0218203 6.26125 0.881547 0.472085 0.0032992 11.1388 -0.0132089 0.0176787 0.999757 0.818414
0.47217 -0.881391 0.0143481 2.36205 0.881501 0.472166 -0.00388336 3.73992 -0.00335191 0.0144814 0.99989 0.807531
0.472979 -0.880853 0.0197033 6.70495 0.881025 0.47307 -5.73825e-05 11.9834 -0.00927051 0.0173863 0.999806 0.810881
0.471513 -0.881725 0.0153592 2.79727 0.88185 0.471514 -0.0038259 4.55616 -0.00386866 0.0153484 0.999875 0.815379
0.474811 -0.879956 0.0152048 7.61788 0.880063 0.474856 -0.000770376 13.6899 -0.00654221 0.013747 0.999884 0.820434
0.469805 -0.882639 0.0152238 3.22234 0.882766 0.469788 -0.00490928 5.35778 -0.00281883 0.0157454 0.999872 0.816553
0.473863 -0.880306 0.0226941 8.54735 0.880479 0.474066 0.00425982 15.4254 -0.0145084 0.0179631 0.999733 0.81805
0.468901 -0.883108 0.0158878 3.65804 0.883247 0.468875 -0.00553569 6.18692 -0.00256081 0.0166286 0.999858 0.821439
0.471908 -0.880957 0.0348985 9.48104 0.881574 0.472011 -0.00574298 17.124 -0.0114131 0.0334757 0.999374 0.797644
0.469051 -0.882705 0.028693 10.3958 0.883146 0.469034 -0.00774629 18.8718 -0.0066203 0.0289735 0.999558 0.792183
0.468449 -0.883347 0.0159354 4.08258 0.883481 0.46845 -0.0038918 7.00258 -0.00402712 0.0159017 0.999865 0.827233
0.468179 -0.883252 0.0259545 10.8629 0.883599 0.46822 -0.00486416 19.753 -0.00785614 0.0252107 0.999651 0.807159
0.468103 -0.883532 0.0158651 4.51152 0.883642 0.468163 9.62853e-05 7.81708 -0.00751252 0.013974 0.999874 0.827633
0.466121 -0.884376 0.024695 11.7855 0.884639 0.466275 0.000581698 21.5348 -0.0120291 0.021575 0.999695 0.803613
0.465194 -0.884828 0.0259663 12.714 0.885037 0.465481 0.00605232 23.3151 -0.0174421 0.0201656 0.999645 0.800441
0.468751 -0.883168 0.0169523 4.94857 0.883265 0.468863 0.00316788 8.6589 -0.0107461 0.0134884 0.999851 0.832327
0.464561 -0.885159 0.0260296 13.1728 0.885314 0.464906 0.00898033 24.2087 -0.0200504 0.0188725 0.999621 0.779863
0.470421 -0.882208 0.0203455 5.39448 0.882342 0.47059 0.00419617 9.50363 -0.0132763 0.0159777 0.999784 0.83291
0.464664 -0.885072 0.0271211 14.0968 0.885292 0.464986 0.00672558 25.9763 -0.0185636 0.020885 0.99961 0.763907
0.464097 -0.885511 0.0220057 15.0041 0.885637 0.464329 0.00670648 27.7383 -0.0161566 0.0163766 0.999735 0.75008
0.471231 -0.881727 0.0223467 5.82932 0.881887 0.471437 0.00472546 10.3315 -0.0147016 0.0174805 0.999739 0.826742
0.462933 -0.886052 0.0245861 15.4607 0.886229 0.463203 0.00640443 28.6184 -0.017063 0.0188241 0.999677 0.747714
0.472548 -0.881011 0.0227593 6.27264 0.881215 0.472711 0.00210116 11.176 -0.0126097 0.019063 0.999739 0.821245
0.461738 -0.886661 0.0251074 16.3633 0.886861 0.462002 0.00566698 30.3704 -0.0166244 0.0196501 0.999669 0.729469
0.460707 -0.887369 0.0180238 17.2447 0.887494 0.460815 0.00215545 32.1093 -0.0102183 0.015003 0.999835 0.730101
0.473753 -0.880424 0.0202791 6.71547 0.880617 0.473828 -0.00123849 12.0209 -0.0085184 0.0184448 0.999794 0.814687
0.460271 -0.887608 0.0173849 17.6957 0.887693 0.46041 0.00486975 32.9826 -0.0123266 0.013191 0.999837 0.727983
0.474583 -0.880031 0.0178051 7.16697 0.880193 0.474604 -0.0032922 12.878 -0.00555314 0.0172344 0.999836 0.808764
0.459676 -0.887751 0.0244398 18.5869 0.887924 0.459944 0.00647081 34.7131 -0.0169854 0.0187262 0.99968 0.721778
0.459101 -0.887892 0.0295817 19.4773 0.888252 0.459352 0.00194712 36.415 -0.0153172 0.0253821 0.99956 0.718683
0.475371 -0.879626 0.0167505 7.62198 0.879763 0.475409 -0.00192145 13.7185 -0.00627316 0.0156498 0.999858 0.812953
0.458247 -0.888307 0.0303322 19.9138 0.888682 0.458518 0.00225622 37.2666 -0.0159121 0.0259217 0.999537 0.713628
0.456237 -0.889037 0.0382361 20.8028 0.88952 0.456827 0.00795984 38.9709 -0.0245439 0.0303802 0.999237 0.706823
0.475348 -0.879592 0.01902 8.0861 0.879735 0.475462 0.00169691 14.5794 -0.0105359 0.0159259 0.999818 0.816061
0.455498 -0.889363 0.0394285 21.2324 0.889823 0.45619 0.0102735 39.8284 -0.0271237 0.0304048 0.99917 0.687134
0.453583 -0.890523 0.0350958 22.0718 0.891018 0.453957 0.0030876 41.4939 -0.0186816 0.0298706 0.999379 0.658728
0.474628 -0.879792 0.0263638 8.54835 0.880068 0.474842 0.00217169 15.4317 -0.0144293 0.0221712 0.99965 0.810161
0.453031 -0.890973 0.0304888 22.4821 0.8914 0.453217 -0.000913968 42.314 -0.0130037 0.0275917 0.999535 0.65555
0.451372 -0.89209 0.020924 23.2862 0.892215 0.451573 0.00587808 43.9443 -0.0146925 0.0160155 0.999764 0.659625
0.449187 -0.893198 0.0206923 24.0602 0.893286 0.449417 0.00799934 45.5153 -0.0164445 0.014891 0.999754 0.655011
0.473579 -0.879986 0.0367167 9.01851 0.880639 0.473773 -0.0037554 16.2954 -0.0140907 0.0341127 0.999319 0.811505
0.446582 -0.894529 0.0195479 24.8079 0.894568 0.44682 0.00997751 47.0491 -0.0176596 0.0130311 0.999759 0.655001
0.44409 -0.895781 0.0189851 25.5331 0.895781 0.444339 0.0117687 48.5224 -0.018978 0.0117801 0.999751 0.659386
0.472271 -0.880644 0.0377739 9.478 0.881384 0.472339 -0.00766241 17.1441 -0.0110942 0.036912 0.999257 0.805532
0.441675 -0.897001 0.0176908 26.231 0.896823 0.441968 0.0192832 49.9659 -0.0251158 0.00734865 0.999658 0.64612
0.438772 -0.898409 0.0184469 26.8896 0.898261 0.439077 0.0184126 51.346 -0.0246417 0.0084912 0.99966 0.631748
0.471171 -0.881342 0.0351311 9.94831 0.882008 0.471129 -0.00999382 18.028 -0.00774331 0.0356947 0.999333 0.801413
0.437893 -0.898882 0.0161371 27.2007 0.898842 0.438097 0.0124458 52.0048 -0.0182569 0.00905481 0.999792 0.622455
0.469405 -0.882453 0.0305823 10.4108 0.882961 0.469354 -0.00924842 18.9146 -0.00619264 0.0313442 0.999489 0.800456
0.436523 -0.899659 0.00780598 27.8083 0.899636 0.436577 0.00750693 53.2795 -0.0101616 0.00374558 0.999941 0.619247
0.433699 -0.900994 0.0107173 28.655 0.900967 0.433793 0.00901882 55.0767 -0.012775 0.00574444 0.999902 0.632556
0.468306 -0.883095 0.0288629 10.8772 0.883533 0.468322 -0.00662482 19.8024 -0.00766676 0.0286037 0.999561 0.80719
0.437349 -0.899187 0.013729 29.4498 0.899288 0.437343 -0.00356247 56.7002 -0.00280094 0.0139043 0.999899 0.642642
0.467357 -0.883587 0.0291743 11.3351 0.884009 0.467454 -0.00384166 20.6838 -0.0102432 0.0275858 0.999567 0.802683
0.44968 -0.893057 0.0154187 30.202 0.893108 0.449805 0.00572253 58.2097 -0.0120459 0.0111972 0.999865 0.65636
0.466379 -0.884139 0.0280972 11.804 0.884507 0.466525 -0.00152323 21.5848 -0.0117613 0.0255626 0.999604 0.807457
0.477962 -0.87824 0.0157145 30.9491 0.878205 0.478148 0.0114214 59.6096 -0.0175446 0.00834161 0.999811 0.656823
0.465023 -0.885097 0.0189236 12.7479 0.885126 0.465248 0.00982706 23.4058 -0.017502 0.0121799 0.999773 0.811454
0.51151 -0.85918 0.012948 31.4482 0.859067 0.51166 0.0144173 60.4403 -0.019012 0.00374862 0.999812 0.650577
0.464583 -0.885343 0.0182074 13.6451 0.885327 0.464818 0.0118407 25.1403 -0.0189462 0.0106185 0.999764 0.782561
0.53355 -0.845615 0.0161377 31.7153 0.845522 0.533758 0.0139603 60.8219 -0.0204187 0.00619623 0.999772 0.654988
0.464565 -0.885317 0.0198116 14.1315 0.885367 0.4648 0.0093105 26.0704 -0.0174512 0.0132152 0.99976 0.782711
0.558035 -0.829618 0.0182054 31.9783 0.829503 0.558293 0.0153034 61.1946 -0.02286 0.00656158 0.999717 0.655979
0.464603 -0.885347 0.0174627 14.5356 0.885389 0.464782 0.0079997 26.938 -0.0151989 0.0117446 0.999816 0.764727
0.615103 -0.788174 0.0207479 32.5283 0.787993 0.615429 0.0177424 61.8976 -0.026753 0.00543582 0.999627 0.645226
0.463511 -0.885984 0.0138185 15.4559 0.885939 0.463664 0.0113093 28.691 -0.016427 0.00700036 0.999841 0.753605
0.681401 -0.731603 0.0211863 33.104 0.731363 0.681726 0.0189227 62.529 -0.0282872 0.00260097 0.999596 0.636101
0.462544 -0.886383 0.0194557 16.3644 0.886447 0.462757 0.00817236 30.4517 -0.0162471 0.0134664 0.999777 0.733351
0.753697 -0.656975 0.018017 33.7288 0.656716 0.75391 0.0185531 63.0562 -0.0257721 -0.00215138 0.999666 0.626221
0.461741 -0.886909 0.0137145 17.2577 0.88696 0.461829 0.00392602 32.1626 -0.00981577 0.0103514 0.999898 0.712202
0.790203 -0.612596 0.0174582 34.0616 0.612339 0.790388 0.0180902 63.2976 -0.0248807 -0.00360461 0.999684 0.619141
0.461072 -0.887333 0.00730772 17.7369 0.887271 0.461127 0.0105992 33.0582 -0.0127748 0.00159695 0.999917 0.740906
0.826031 -0.563362 0.0171794 34.3995 0.563109 0.826196 0.0175694 63.5062 -0.0240914 -0.004839 0.999698 0.609177
0.461426 -0.88708 0.0132371 18.189 0.887032 0.461569 0.0112852 33.923 -0.0161207 0.00653445 0.999849 0.73134
0.859857 -0.510275 0.0162826 34.7402 0.510036 0.85999 0.0167682 63.6868 -0.0225592 -0.00611359 0.999727 0.59035
0.461045 -0.887205 0.0174657 18.6113 0.88721 0.461251 0.0103224 34.8056 -0.0172142 0.0107367 0.999794 0.720303
0.890908 -0.453885 0.0165061 35.1046 0.453683 0.891043 0.0146093 63.8433 -0.0213386 -0.00552701 0.999757 0.596703
0.460892 -0.887215 0.0206925 19.5215 0.887323 0.461101 0.00654805 36.4869 -0.0153509 0.015343 0.999764 0.70738
0.918172 -0.39582 0.016905 35.4574 0.395613 0.918305 0.0143674 63.9645 -0.0212109 -0.00650388 0.999754 0.593599
0.459953 -0.88772 0.0199051 19.9707 0.887803 0.460163 0.00744835 37.3485 -0.0157716 0.0142459 0.999774 0.695828
0.941459 -0.336589 0.0190589 35.8279 0.33635 0.941622 0.0147368 64.0644 -0.0229065 -0.00746363 0.99971 0.599627
0.459439 -0.888008 0.0189198 20.3821 0.888004 0.459686 0.0117036 38.2225 -0.0190901 0.0114238 0.999753 0.712414
0.960738 -0.276647 0.0212021 36.1931 0.276328 0.960916 0.0168085 64.1506 -0.0250234 -0.0102898 0.999634 0.588562
0.457978 -0.888684 0.022278 20.8382 0.888642 0.458343 0.0153947 39.1011 -0.023892 0.0127467 0.999633 0.726553
0.456175 -0.889413 0.0291481 21.7203 0.889525 0.456681 0.0136817 40.7727 -0.0254801 0.0196867 0.999481 0.669781
0.987431 -0.156476 0.0222491 36.9319 0.156214 0.987637 0.013044 64.2391 -0.0240151 -0.00940441 0.999667 0.569661
0.454946 -0.890188 0.024275 22.1151 0.890344 0.455228 0.00742236 41.6207 -0.017658 0.0182363 0.999678 0.646251
0.998813 -0.042783 0.023305 37.6744 0.0425548 0.999042 0.010201 64.2359 -0.0237191 -0.00919711 0.999676 0.577111
0.454704 -0.890443 0.0188678 22.5249 0.890551 0.454859 0.00471588 42.438 -0.0127814 0.0146584 0.999811 0.631109
0.99966 0.0117578 0.0232679 38.0441 -0.012084 0.99983 0.0139282 64.2126 -0.0231001 -0.0142046 0.999632 0.565648
0.453133 -0.891405 0.00827479 23.3073 0.891326 0.453204 0.0119786 44.0156 -0.014428 0.00194763 0.999894 0.644309
0.99368 0.110649 0.0188855 38.7724 -0.11083 0.9938 0.00880811 64.1054 -0.0177938 -0.0108455 0.999783 0.540323
0.451811 -0.892064 0.00946135 23.7302 0.891973 0.451903 0.0129765 44.827 -0.0158515 0.00257634 0.999871 0.639733
0.987867 0.154181 0.018628 39.1434 -0.154132 0.988042 -0.00405204 63.9974 -0.0190299 0.00113171 0.999818 0.559701
0.448448 -0.89376 0.00929965 24.5105 0.893659 0.448539 0.0136378 46.3654 -0.0163602 0.00219485 0.999864 0.643436
0.973656 0.226967 0.0219179 39.8611 -0.22686 0.9739 -0.00731026 63.8046 -0.023005 0.00214539 0.999733 0.566408
0.446003 -0.89501 0.00624988 25.2341 0.894871 0.446044 0.0158127 47.8406 -0.0169402 -0.00145967 0.999855 0.67155
0.965668 0.258912 0.0212361 40.227 -0.25905 0.965856 0.00398541 63.7141 -0.0194791 -0.00934979 0.999767 0.552751
0.445466 -0.895275 0.00659937 25.5946 0.895119 0.445512 0.0167942 48.5839 -0.0179756 -0.00157404 0.999837 0.670584
0.957443 0.288016 0.0186911 40.6016 -0.288232 0.957507 0.0101001 63.6046 -0.0149879 -0.0150576 0.999774 0.539245
0.444576 -0.895701 0.00853312 25.932 0.895502 0.444657 0.018879 49.3098 -0.0207042 -0.000751702 0.999785 0.655373
0.949349 0.313816 0.0159992 40.9749 -0.31399 0.949376 0.00977701 63.4733 -0.0121211 -0.0143054 0.999824 0.540781
0.441495 -0.897243 0.00604258 26.6486 0.896861 0.441488 0.0270069 50.7204 -0.0268995 -0.00650405 0.999617 0.628968
0.933821 0.35772 0.00380502 41.7062 -0.357721 0.933828 -0.000462677 63.1474 -0.00371874 -0.00092908 0.999993 0.532378
0.439239 -0.898328 0.00865323 27.2786 0.898201 0.439323 0.0151804 52.0467 -0.0174385 0.00110452 0.999847 0.607407
0.926262 0.376868 -0.00313202 42.0949 -0.376866 0.926267 0.000947632 62.9668 0.00325822 0.000302597 0.999995 0.519528
0.439076 -0.898428 0.00620732 27.5652 0.898383 0.439117 0.0091111 52.686 -0.0109114 0.00157609 0.999939 0.598894
0.919341 0.393444 -0.00362432 42.5002 -0.393423 0.919342 0.00536914 62.7948 0.00544445 -0.00351018 0.999979 0.527211
0.437854 -0.899044 0.00190808 27.8692 0.899004 0.437853 0.0087573 53.3285 -0.00870866 -0.00211906 0.99996 0.620681
0.912756 0.408503 0.000984959 42.9256 -0.4085 0.912732 0.00699448 62.6101 0.00195827 -0.00678661 0.999975 0.53503
0.436118 -0.899885 0.00289684 28.442 0.899776 0.436112 0.0145005 54.5273 -0.0143122 -0.00371744 0.999891 0.632447
0.900486 0.434862 0.0044909 43.7941 -0.434875 0.900487 0.00240825 62.176 -0.00299674 -0.00412158 0.999987 0.548457
0.436042 -0.899867 0.0103505 29.0154 0.899891 0.436098 0.00388259 55.6194 -0.00800764 0.00762132 0.999939 0.614492
0.89503 0.445991 0.0037089 44.2339 -0.445987 0.895038 -0.0017901 61.9449 -0.00411797 -5.19305e-05 0.999992 0.545412
0.439415 -0.898273 0.00451365 29.5178 0.89828 0.439422 0.000765168 56.6443 -0.00267073 0.0037183 0.99999 0.635237
0.886162 0.463374 0.000700194 45.1739 -0.463363 0.88615 -0.00577902 61.4477 -0.00329833 0.00479671 0.999983 0.545717
0.442733 -0.896652 -0.00157095 29.7534 0.896641 0.442717 0.00601855 57.1954 -0.00470105 -0.0040732 0.999981 0.636578
0.883133 0.469123 -5.65033e-05 45.6525 -0.469114 0.883114 -0.00638053 61.1963 -0.00294335 0.00566135 0.99998 0.544806
0.452094 -0.891966 0.00264554 30.2758 0.8919 0.452094 0.0112114 58.1871 -0.0111962 -0.00270905 0.999934 0.687737
0.880531 0.473985 -0.0015865 46.1599 -0.473982 0.8805 -0.00781562 60.9274 -0.00230757 0.00763387 0.999968 0.54168
0.458849 -0.888465 0.00936526 30.4943 0.888404 0.458933 0.0108619 58.6539 -0.0139485 0.00333614 0.999897 0.701069
0.875 0.484112 -0.0034078 47.2197 -0.484121 0.874954 -0.00907766 60.3369 -0.00141293 0.00959273 0.999953 0.540289
0.481385 -0.876463 0.00898293 31.0125 0.876357 0.481467 0.0137195 59.564 -0.0163496 0.00126787 0.999866 0.691384
0.873533 0.48675 -0.00385123 47.766 -0.486762 0.873474 -0.0102863 60.0406 -0.00164289 0.01086 0.99994 0.54052
0.516122 -0.856511 0.00251623 31.5045 0.856341 0.516074 0.0186617 60.4052 -0.0172825 -0.00747696 0.999823 0.708772
0.870661 0.491865 -0.0041756 48.9088 -0.491877 0.87058 -0.0121647 59.4026 -0.00234819 0.0126452 0.999917 0.536146
0.541352 -0.840774 0.00610255 31.7733 0.840594 0.541367 0.0179682 60.7522 -0.0184109 -0.00459737 0.99982 0.727662
0.87007 0.492899 -0.0053748 49.5006 -0.49292 0.869941 -0.015224 59.0696 -0.00282812 0.0158953 0.99987 0.539814
0.566901 -0.823711 0.0110929 32.0358 0.823513 0.567008 0.0181074 61.1421 -0.021205 -0.00112996 0.999775 0.722682
0.870344 0.492397 -0.00679601 50.1006 -0.492434 0.870152 -0.0185484 58.7161 -0.00321963 0.0194901 0.999805 0.540898
0.626917 -0.779046 0.00792519 32.5751 0.778769 0.626919 0.0221709 61.7975 -0.0222406 -0.00772743 0.999723 0.728723
0.875059 0.483945 -0.00827697 51.9921 -0.484003 0.874779 -0.0224253 57.6447 -0.00361208 0.0236295 0.999714 0.540119
0.693142 -0.72071 0.0114509 33.1471 0.72039 0.693196 0.0227481 62.3427 -0.0243325 -0.00751849 0.999676 0.697077
0.877122 0.480217 -0.00699545 52.6696 -0.480245 0.876845 -0.0225465 57.2782 -0.00469328 0.0231355 0.999721 0.538104
0.761495 -0.648133 0.00697039 33.874 0.647897 0.761442 0.0208542 62.8812 -0.0188239 -0.0113643 0.999758 0.693665
0.880939 0.47322 -0.0030752 54.0728 -0.473164 0.880689 -0.0224161 56.543 -0.00789946 0.0212023 0.999744 0.534765
0.800735 -0.598989 0.00599136 34.1791 0.598769 0.800649 0.0209257 63.0925 -0.0173312 -0.0131685 0.999763 0.69229
0.882841 0.469672 -0.00106317 54.7738 -0.469586 0.882631 -0.0212579 56.1682 -0.00904586 0.0192666 0.999774 0.532162
0.836742 -0.547572 0.00521976 34.4978 0.547366 0.836628 0.0210683 63.3021 -0.0159034 -0.0147717 0.999765 0.689435
0.884772 0.466023 -0.000889577 55.4972 -0.465943 0.884582 -0.0202946 55.7865 -0.00867086 0.0183706 0.999794 0.528579
0.87055 -0.492055 0.00494478 34.8492 0.491873 0.870431 0.0202341 63.4945 -0.0142604 -0.0151826 0.999783 0.651231
0.886295 0.463108 -0.00346006 56.2147 -0.463087 0.886113 -0.0188217 55.4197 -0.0056505 0.0182839 0.999817 0.533131
0.900699 -0.43442 0.00450439 35.211 0.434281 0.900599 0.0179253 63.6675 -0.0118438 -0.0141891 0.999829 0.663437
0.887127 0.461481 -0.00640017 57.6718 -0.461521 0.887093 -0.00806339 54.687 0.00195645 0.0101071 0.999947 0.539596
0.926613 -0.375983 0.00491785 35.5276 0.375852 0.926517 0.017369 63.7826 -0.0110869 -0.0142459 0.999837 0.667197
0.887269 0.461233 -0.00424603 58.4199 -0.461248 0.887262 -0.00392555 54.3167 0.00195675 0.00544149 0.999983 0.545721
0.948551 -0.316581 0.00531236 35.8913 0.31644 0.948436 0.018268 63.8761 -0.0108217 -0.0156471 0.999819 0.683365
0.887281 0.461228 -0.00133066 59.153 -0.46123 0.887278 -0.00200027 53.9437 0.000258096 0.00238854 0.999997 0.556131
0.980651 -0.195509 0.00996154 36.641 0.195286 0.980545 0.0198801 64.0086 -0.0136545 -0.0175501 0.999753 0.676689
0.887221 0.461344 0.00101238 60.626 -0.461342 0.88722 -0.00199551 53.1981 -0.00181882 0.00130341 0.999998 0.568487
0.990801 -0.135067 0.00843736 36.9881 0.134915 0.99072 0.0165056 64.0147 -0.0105884 -0.0152154 0.999828 0.685805
0.887297 0.461194 0.0019453 61.3636 -0.461194 0.887299 -0.000895187 52.8313 -0.00213892 -0.000102866 0.999998 0.577624
0.997019 -0.0767563 0.00782891 37.3483 0.0766479 0.996969 0.0133195 64.0027 -0.00882754 -0.0126797 0.999881 0.700902
0.887332 0.461126 0.00229836 62.0991 -0.461127 0.887334 0.000202037 52.4572 -0.00194625 -0.00123911 0.999997 0.580035
0.999729 -0.0220957 0.0073382 37.7225 0.0219906 0.999659 0.0141153 63.9789 -0.00764759 -0.0139501 0.999873 0.710482
0.886852 0.462043 0.0032244 62.8363 -0.462052 0.886845 0.00357186 52.0818 -0.00120919 -0.00465755 0.999988 0.591025
0.999451 0.0318559 0.00911699 38.1001 -0.0320147 0.999328 0.0178403 63.9797 -0.00854255 -0.0181224 0.999799 0.710444
0.884275 0.466898 0.0080063 64.2958 -0.466958 0.884233 0.0090841 51.3451 -0.00283807 -0.0117715 0.999927 0.604999
0.996541 0.0828386 0.00667956 38.4684 -0.0829563 0.996355 0.0198664 63.9737 -0.0050095 -0.0203518 0.99978 0.716908
0.882105 0.470936 0.0104899 65.0359 -0.471026 0.882073 0.00903687 50.9546 -0.00499704 -0.0129125 0.999904 0.609019
0.984939 0.172881 0.00260807 39.2039 -0.172889 0.984936 0.00320513 63.8148 -0.00201468 -0.00360777 0.999992 0.722966
0.875823 0.482435 0.0138303 66.4883 -0.482578 0.875797 0.00994338 50.1702 -0.00731545 -0.0153828 0.999855 0.621789
0.96961 0.244563 0.00674728 39.9294 -0.24456 0.969633 -0.00130352 63.6254 -0.00686117 -0.000386215 0.999976 0.754924
0.86684 0.498423 0.0127392 67.9234 -0.498548 0.866806 0.0098817 49.374 -0.00611716 -0.014917 0.99987 0.624143
0.961305 0.275444 0.00487489 40.2842 -0.275477 0.96127 0.00844465 63.5481 -0.00236005 -0.0094608 0.999952 0.743569
0.861841 0.50701 0.01309 68.6166 -0.507134 0.86182 0.00898949 48.9726 -0.00672349 -0.0143859 0.999874 0.629439
0.952813 0.303545 0.00269682 40.6837 -0.303551 0.9527 0.0147866 63.4566 0.00191914 -0.0149075 0.999887 0.731947
0.856538 0.515877 0.0146318 69.3091 -0.516027 0.85652 0.00946263 48.5648 -0.00765084 -0.0156555 0.999848 0.634779
0.9445 0.32851 0.000484858 41.0587 -0.328477 0.944385 0.0154977 63.3199 0.00463327 -0.0147969 0.99988 0.734838
0.850616 0.525581 0.0147623 69.9955 -0.525722 0.850618 0.00804831 48.1496 -0.00832707 -0.0146069 0.999859 0.641667
0.936389 0.350943 -0.0039091 41.4228 -0.350882 0.936352 0.0112518 63.145 0.00760903 -0.00916441 0.999929 0.738865
0.844649 0.535117 0.0147301 70.6692 -0.535262 0.844644 0.00849173 47.7329 -0.00789763 -0.015057 0.999855 0.649116
0.928322 0.371665 -0.00912212 41.8002 -0.371635 0.928366 0.00487687 62.9922 0.0102812 -0.00113721 0.999946 0.719916
0.832943 0.553206 0.0130038 71.9774 -0.553319 0.832934 0.00764161 46.8814 -0.0066039 -0.0135603 0.999886 0.657188
0.92095 0.389346 -0.016137 42.1891 -0.389291 0.921091 0.00658045 62.7855 0.0174258 0.00022173 0.999848 0.759709
0.827165 0.561816 0.0127192 72.6228 -0.561932 0.827138 0.0087301 46.4467 -0.00561584 -0.0143686 0.999881 0.660183
0.907216 0.420462 -0.013094 43.0168 -0.42033 0.907296 0.0117269 62.4124 0.0168109 -0.00513504 0.999846 0.778189
0.82155 0.570007 0.0121228 73.2509 -0.570116 0.821514 0.00906548 46.0137 -0.00479165 -0.0143591 0.999885 0.670784
0.900854 0.434016 -0.00964706 43.4122 -0.433931 0.900893 0.00976455 62.1997 0.0129289 -0.00461028 0.999906 0.788566
0.815983 0.577955 0.0118207 73.8616 -0.57806 0.815943 0.00917026 45.5684 -0.00434498 -0.0143158 0.999888 0.677865
0.894534 0.446945 -0.00703664 43.8816 -0.446885 0.894549 0.00867214 61.9547 0.0101706 -0.00461295 0.999938 0.781877
0.805204 0.592866 0.0124874 75.0589 -0.59298 0.805164 0.00925715 44.6944 -0.00456614 -0.0148587 0.999879 0.695709
0.881321 0.472411 -0.00999955 44.7545 -0.472404 0.881376 0.00319431 61.3996 0.0103224 0.00190862 0.999945 0.795354
0.800788 0.598813 0.0127364 75.6505 -0.598919 0.800777 0.00722783 44.2424 -0.00587086 -0.013416 0.999893 0.699808
0.87768 0.479102 -0.0117817 45.2398 -0.479131 0.877743 0.000469667 61.1722 0.0105663 0.00523274 0.999931 0.793674
0.797496 0.603191 0.0126685 76.2213 -0.603278 0.797518 0.00443969 43.8096 -0.00742534 -0.0111832 0.99991 0.709545
0.875785 0.482553 -0.0119811 45.6985 -0.482586 0.875849 0.000135459 60.8783 0.010559 0.00566327 0.999928 0.794221
0.79303 0.60904 0.0131472 77.36 -0.609082 0.793106 -0.00101444 42.9086 -0.0110449 -0.00720323 0.999913 0.716667
0.871188 0.490782 -0.0128464 46.6956 -0.490821 0.87126 0.000115994 60.3008 0.0112495 0.00620424 0.999918 0.786766
0.791887 0.610537 0.0126762 77.9124 -0.610551 0.79197 -0.00312191 42.4827 -0.0119452 -0.00526726 0.999915 0.721365
0.865748 0.500283 -0.0140778 47.7832 -0.500344 0.865826 -0.00100017 59.7134 0.0116885 0.00790964 0.9999 0.820221
0.791626 0.610912 0.0107512 78.9719 -0.610912 0.79169 -0.0035864 41.6451 -0.0107025 -0.00372893 0.999936 0.723902
0.86466 0.502161 -0.014065 48.3093 -0.502218 0.86474 -0.000664975 59.362 0.0118287 0.0076387 0.999901 0.823269
0.793318 0.608742 0.00895848 79.4765 -0.608736 0.793364 -0.00363254 41.2518 -0.00931862 -0.00257159 0.999953 0.731698
0.86403 0.503292 -0.0121778 48.9074 -0.50333 0.864094 -4.34099e-05 59.0385 0.0105009 0.00616694 0.999926 0.827881
0.796223 0.604947 0.00830027 79.9661 -0.604939 0.796263 -0.00368354 40.8578 -0.00883754 -0.00208824 0.999959 0.730324
0.863093 0.504788 -0.0161018 49.4764 -0.504907 0.863163 -0.0042298 58.6735 0.0117633 0.0117806 0.999861 0.845172
0.800707 0.599 0.00816178 80.459 -0.598999 0.800744 -0.00283038 40.4878 -0.0082309 -0.0026226 0.999963 0.734442
0.863296 0.504389 -0.017646 50.0645 -0.504561 0.863348 -0.00691189 58.325 0.0117484 0.0148705 0.99982 0.852879
0.80705 0.590407 0.00949564 80.946 -0.59043 0.807089 -0.000501195 40.1398 -0.00795973 -0.00520202 0.999955 0.736035
0.867159 0.497712 -0.0178062 51.2981 -0.497889 0.867212 -0.00713552 57.5974 0.0118903 0.0150531 0.999816 0.848958
0.824737 0.565454 0.00837014 81.8567 -0.565479 0.824762 0.000703441 39.4911 -0.00650561 -0.00531329 0.999965 0.750631
0.8719 0.489398 -0.0167158 52.6271 -0.489519 0.871984 -0.00388706 56.8618 0.0126736 0.0115719 0.999853 0.877433
0.836179 0.548418 0.00648786 82.3109 -0.548441 0.836186 0.00248831 39.2096 -0.00406042 -0.00563888 0.999976 0.755746
0.87407 0.485553 -0.0154705 53.3281 -0.485642 0.874154 -0.00242421 56.4782 0.0123466 0.00963208 0.999877 0.874988
0.863638 0.504098 0.00391235 83.2268 -0.504112 0.863602 0.00787316 38.6843 0.000590131 -0.00877182 0.999961 0.765089
0.877309 0.479765 -0.0124476 54.7169 -0.479844 0.877344 -0.00422363 55.7326 0.00889445 0.00967831 0.999914 0.8934
0.87978 0.475362 0.00435003 83.6916 -0.475381 0.879727 0.00964802 38.4469 0.000759467 -0.0105561 0.999944 0.769411
0.879037 0.476609 -0.0117783 55.4025 -0.476646 0.879095 -0.000425851 55.3301 0.0101513 0.00598843 0.999931 0.917051
0.915112 0.403093 0.00929901 84.6352 -0.403175 0.915067 0.010078 38.0679 -0.00444685 -0.0129716 0.999906 0.772369
0.881309 0.472254 -0.016467 56.8672 -0.472249 0.881454 0.00443266 54.5999 0.0166083 0.00387 0.999855 0.956192
0.932599 0.36066 0.013533 85.1277 -0.360804 0.932584 0.0103647 37.898 -0.00888252 -0.0145489 0.999855 0.776809
0.881716 0.471439 -0.0179572 57.5772 -0.471411 0.881893 0.00602385 54.2535 0.0186762 0.0031539 0.999821 0.982152
0.964415 0.263558 0.0210089 86.1193 -0.26386 0.964471 0.0131703 37.664 -0.0167914 -0.0182451 0.999693 0.781927
0.881236 0.472537 -0.011462 59.1002 -0.472365 0.881277 0.0149096 53.4262 0.0171465 -0.00772464 0.999823 1.01475
0.977899 0.208045 0.0207684 86.61 -0.208334 0.977973 0.0128748 37.6054 -0.0176324 -0.016917 0.999701 0.777385
0.881341 0.472316 -0.0124962 59.7402 -0.472183 0.881415 0.0122587 53.0916 0.0168043 -0.00490365 0.999847 1.03565
0.99652 0.0822898 0.013271 87.5984 -0.0823918 0.996573 0.00733323 37.5612 -0.012622 -0.00840113 0.999885 0.790773
0.881569 0.471965 -0.00917049 60.4784 -0.471791 0.88156 0.0162598 52.7068 0.0157584 -0.0100076 0.999826 1.04749
0.99987 0.0140027 0.00797428 88.0803 -0.0140366 0.999893 0.00420762 37.5952 -0.00791451 -0.004319 0.999959 0.794501
0.881825 0.471458 -0.0106009 61.9566 -0.471255 0.881831 0.0171218 51.9598 0.0174204 -0.0101028 0.999797 1.11088
0.992074 -0.125647 0.00120455 89.0458 0.125636 0.992053 0.00685892 37.7709 -0.00205678 -0.00665323 0.999976 0.773996
0.881145 0.47274 -0.0100164 62.7057 -0.472516 0.881124 0.0187019 51.5698 0.0176668 -0.0117461 0.999775 1.11098
0.98077 -0.195165 -0.00124001 89.5076 0.195169 0.980751 0.00609019 37.8967 2.75541e-05 -0.00621509 0.999981 0.771306
0.878291 0.4781 -0.00496252 64.1142 -0.477847 0.878087 0.0250066 50.8023 0.0163132 -0.0195918 0.999675 1.14141
0.944253 -0.329201 0.00356996 90.4182 0.329177 0.944249 0.00610818 38.2311 -0.00538175 -0.00459252 0.999975 0.76831
0.876366 0.481645 0.000914289 64.8785 -0.481424 0.875904 0.0319775 50.4041 0.014601 -0.0284641 0.999488 1.19036
0.919361 -0.393302 0.00947763 90.8473 0.393239 0.919403 0.00780236 38.4489 -0.0117824 -0.00344621 0.999925 0.758827
0.870034 0.492983 0.00275802 66.278 -0.492864 0.86967 0.0275418 49.6339 0.0111791 -0.0253216 0.999617 1.21962
0.860696 -0.508749 0.0194342 91.6866 0.508557 0.860912 0.0141288 38.9411 -0.0239192 -0.00227721 0.999711 0.752112
0.865326 0.501207 0.00139766 66.9878 -0.501047 0.864972 0.0278334 49.2464 0.0127413 -0.0247852 0.999612 1.26219
0.8299 -0.557427 0.0232426 92.0738 0.557136 0.830223 0.0181511 39.222 -0.0294145 -0.00211433 0.999565 0.760286
0.854856 0.518863 0.00167639 68.3757 -0.518713 0.854521 0.027015 48.4135 0.0125846 -0.0239635 0.999634 1.29783
0.773742 -0.633168 0.0205436 92.7992 0.632628 0.773971 0.0273942 39.8282 -0.0332453 -0.00819962 0.999414 0.760056
0.843153 0.537653 0.00466094 69.7211 -0.537588 0.842834 0.0250982 47.6063 0.00956572 -0.0236673 0.999674 1.33585
0.749426 -0.661881 0.0165685 93.146 0.661341 0.749535 0.0287294 40.1634 -0.0314342 -0.0105731 0.99945 0.751041
0.837322 0.5467 0.00324098 70.4073 -0.546591 0.837002 0.0258084 47.1299 0.0113967 -0.0233814 0.999662 1.36481
0.728287 -0.685147 0.0131117 93.4891 0.684656 0.72831 0.0284835 40.4927 -0.0290647 -0.0117671 0.999508 0.717087
0.83054 0.556938 0.00483194 71.0299 -0.556833 0.830135 0.0284984 46.7222 0.0118607 -0.0263596 0.999582 1.40975
0.712458 -0.701548 0.015303 93.8376 0.701142 0.712588 0.024865 40.8277 -0.0283487 -0.00698573 0.999574 0.719426
0.8249 0.565252 0.00560073 71.691 -0.56513 0.824414 0.0311283 46.2847 0.012978 -0.0288429 0.9995 1.41334
0.700853 -0.713104 0.0169693 94.1652 0.712751 0.701047 0.0227543 41.1781 -0.0281225 -0.00385255 0.999597 0.714171
0.818937 0.573875 0.00287203 72.3412 -0.573691 0.818524 0.0299536 45.8538 0.0148388 -0.0261778 0.999547 1.43256
0.690814 -0.722871 0.0152753 94.5051 0.722446 0.69095 0.0256965 41.5791 -0.0291298 -0.00671592 0.999553 0.705841
0.812837 0.582491 0.000655461 72.9681 -0.582268 0.812494 0.0285885 45.4032 0.01612 -0.0236194 0.999591 1.47587
0.68343 -0.729923 0.0116832 94.8352 0.72943 0.683434 0.0291481 41.9669 -0.0292606 -0.0113987 0.999507 0.686668
0.800904 0.598792 -0.000781439 74.1423 -0.598556 0.800624 0.0270493 44.5178 0.0168225 -0.0211962 0.999634 1.52739
0.676535 -0.736411 0.000135681 95.5036 0.735974 0.67614 0.0343037 42.7675 -0.0253533 -0.0231078 0.999411 0.654384
0.791419 0.611274 0.000526123 75.3374 -0.611069 0.791132 0.0265502 43.6017 0.0158132 -0.0213338 0.999647 1.54305
0.676075 -0.736829 -0.00262776 95.8554 0.736511 0.675669 0.031972 43.1763 -0.0217824 -0.0235508 0.999485 0.64928
0.787646 0.616127 0.000176445 75.9251 -0.615949 0.787412 0.0242734 43.1502 0.0148166 -0.0192276 0.999705 1.5798
0.677395 -0.735616 -0.00243453 96.2311 0.735385 0.677091 0.0275049 43.5941 -0.0185847 -0.020422 0.999619 0.63832
0.785604 0.61873 -0.000325814 76.4971 -0.618607 0.785457 0.0195751 42.6941 0.0123676 -0.0151767 0.999808 1.59757
0.680007 -0.733197 -0.00356306 96.6165 0.733088 0.679804 0.0211918 44.011 -0.0131156 -0.0170226 0.999769 0.628891
0.783033 0.62198 -0.000386035 77.57 -0.621917 0.782962 0.0137912 41.8337 0.0088801 -0.0105589 0.999905 1.6322
0.686308 -0.727199 -0.0127805 97.4092 0.727261 0.685947 0.0238241 44.867 -0.00855809 -0.0256454 0.999635 0.617868
0.783709 0.621118 -0.00344695 78.6124 -0.621021 0.783665 0.0142151 41.0212 0.0115305 -0.00899991 0.999893 1.64497
0.689973 -0.72372 -0.0129411 97.816 0.723742 0.689485 0.0284334 45.3279 -0.0116551 -0.0289843 0.999512 0.614641
0.785096 0.619345 -0.00605717 79.1068 -0.619239 0.785091 0.0132383 40.6197 0.0129545 -0.00664248 0.999894 1.65025
0.693639 -0.720261 -0.0094222 98.2543 0.720159 0.693143 0.0303899 45.7803 -0.0153577 -0.0278651 0.999494 0.614157
0.787531 0.616247 -0.00584152 79.628 -0.616111 0.787504 0.0156269 40.2316 0.0142302 -0.00870763 0.999861 1.66888
0.696689 -0.717358 -0.00469663 98.7046 0.717094 0.69622 0.032456 46.2366 -0.0200127 -0.0259796 0.999462 0.611334
0.800412 0.599429 -0.00500413 80.5656 -0.599257 0.800339 0.0186557 39.5283 0.0151878 -0.0119335 0.999813 1.71972
0.700696 -0.713438 0.00565581 99.6047 0.712987 0.700498 0.0308661 47.1506 -0.0259829 -0.0175953 0.999508 0.589971
0.807707 0.589555 -0.00596122 81.0095 -0.589387 0.807656 0.0177201 39.1805 0.0152616 -0.0107991 0.999825 1.73913
0.701736 -0.712394 0.00783349 100.085 0.712046 0.701672 0.025438 47.626 -0.0236184 -0.012273 0.999646 0.57518
0.82756 0.561293 -0.0097075 81.8869 -0.561067 0.827554 0.0189329 38.6014 0.0186604 -0.0102216 0.999774 1.76659
0.701563 -0.712575 0.00675023 100.566 0.712391 0.701552 0.0180033 48.099 -0.0175644 -0.00782169 0.999815 0.565008
0.839968 0.542478 -0.0131235 82.3837 -0.54221 0.840021 0.0193168 38.3327 0.0215029 -0.00910981 0.999727 1.75754
0.700999 -0.713161 0.000982538 101.043 0.713076 0.700936 0.0145587 48.5897 -0.0110714 -0.00950501 0.999894 0.550676
0.853697 0.520601 -0.0132875 82.838 -0.520282 0.853723 0.0215285 38.0987 0.0225516 -0.0114655 0.99968 1.80841
0.699451 -0.714664 -0.00490305 101.517 0.714638 0.699316 0.0158133 49.0832 -0.0078724 -0.0145645 0.999863 0.547163
0.887717 0.460249 -0.0113477 83.7503 -0.459917 0.887653 0.0234187 37.6836 0.0208513 -0.0155702 0.999661 1.83841
0.697497 -0.716574 -0.0043206 102.01 0.7165 0.697306 0.0197987 49.602 -0.0111745 -0.0169053 0.999795 0.529615
0.905241 0.424818 -0.00828794 84.1906 -0.424522 0.905087 0.024454 37.4609 0.0178898 -0.0186183 0.999667 1.85179
0.694528 -0.719447 0.00513677 103.073 0.719084 0.694375 0.027599 50.689 -0.0234229 -0.0154745 0.999606 0.516448
0.923614 0.383294 -0.00470816 84.6863 -0.383083 0.9234 0.0240775 37.2845 0.0135763 -0.0204347 0.999699 1.88912
0.693022 -0.720907 0.00366358 103.565 0.720536 0.692813 0.0289302 51.2273 -0.0233941 -0.0174095 0.999575 0.508908
0.941177 0.337913 -0.00100901 85.1237 -0.337782 0.940888 0.0251451 37.2036 0.00944622 -0.0233252 0.999683 1.90639
0.691554 -0.722324 -0.000290092 104.079 0.72207 0.6913 0.0268408 51.7852 -0.0191872 -0.0187714 0.99964 0.495272
0.971876 0.23549 0.00119907 86.0923 -0.235444 0.97156 0.0252457 37.0848 0.00478013 -0.024818 0.999681 1.92329
0.68618 -0.727413 -0.0052068 105.137 0.727342 0.685966 0.0205785 52.9191 -0.0113974 -0.0179077 0.999775 0.473344
0.984333 0.176317 -0.00107817 86.5454 -0.176252 0.984107 0.0216561 37.0823 0.00487936 -0.0211267 0.999765 1.93639
0.682931 -0.730464 -0.00518945 105.7 0.730385 0.682706 0.0212159 53.5121 -0.0119546 -0.0182793 0.999761 0.46298
0.994084 0.108479 -0.00533474 87.0438 -0.108349 0.993901 0.0205083 37.0607 0.00752692 -0.0198089 0.999775 1.94575
0.681167 -0.732127 -0.00127536 106.284 0.731994 0.681008 0.0202926 54.118 -0.0139882 -0.0147562 0.999793 0.456756
0.999149 0.0403183 -0.00872705 87.4951 -0.0401589 0.999036 0.0177271 37.0821 0.00943337 -0.0173615 0.999805 1.95316
0.6791 -0.734044 0.00195269 106.829 0.733859 0.678984 0.0207614 54.7121 -0.0165656 -0.0126661 0.999783 0.449387
0.999518 -0.0283044 -0.0127809 87.9533 0.0285361 0.999425 0.0183266 37.1679 0.0122548 -0.0186825 0.99975 1.94139
0.677596 -0.735386 0.00845046 107.961 0.735165 0.677614 0.0192944 55.9366 -0.0199149 -0.00686129 0.999778 0.430416
0.995097 -0.097573 -0.0161987 88.4286 0.0978617 0.995035 0.0181079 37.2372 0.0143514 -0.0196043 0.999705 1.92134
0.676574 -0.736324 0.00860353 108.499 0.736054 0.676578 0.0216218 56.5386 -0.0217416 -0.00829611 0.999729 0.414098
0.985512 -0.168486 -0.0194312 88.909 0.168819 0.985501 0.0169585 37.3564 0.0162922 -0.0199931 0.999667 1.95156
0.676795 -0.736144 0.00644168 109.054 0.735869 0.676742 0.0227338 57.1591 -0.0210947 -0.0106459 0.999721 0.404076
0.971478 -0.236413 -0.0184518 89.3613 0.236708 0.97145 0.0159158 37.4766 0.0141623 -0.0198295 0.999703 1.94257
0.677832 -0.735179 -0.00739187 110.173 0.735027 0.677395 0.0295215 58.4181 -0.0166964 -0.0254438 0.999537 0.38685
0.93036 -0.366546 -0.00864465 90.22 0.366647 0.93016 0.0192713 37.8672 0.000977105 -0.0210988 0.999777 1.92064
0.679345 -0.733712 -0.0124957 110.743 0.733617 0.678662 0.0349877 59.0512 -0.0171905 -0.0329358 0.99931 0.376424
0.683347 -0.729963 -0.0138326 111.895 0.729877 0.682559 0.0373164 60.3114 -0.017798 -0.0355961 0.999208 0.354108
0.90378 -0.427974 -0.00456242 90.6885 0.427969 0.903543 0.0212805 38.0608 -0.00498517 -0.0211855 0.999763 1.96064
0.684612 -0.728799 -0.0126309 112.478 0.728729 0.683957 0.0340213 60.9396 -0.0161557 -0.0324959 0.999341 0.348162
0.875488 -0.483238 -0.00110897 91.1006 0.483129 0.875237 0.0233687 38.3078 -0.010322 -0.0209948 0.999726 1.94741
0.68576 -0.727772 -0.00900405 113.074 0.727657 0.685279 0.0301201 61.5616 -0.0157503 -0.0272071 0.999506 0.338625
0.817403 -0.576048 0.00461434 91.8497 0.575623 0.817061 0.032694 38.7821 -0.0226035 -0.0240681 0.999455 1.9775
0.685764 -0.727804 -0.00532968 113.675 0.727659 0.685435 0.0262916 62.1809 -0.015482 -0.021908 0.99964 0.342146
0.791341 -0.611368 0.00284424 92.1873 0.610839 0.790834 0.0381835 39.0988 -0.0255935 -0.0284788 0.999267 1.94284
0.68759 -0.726089 -0.00371381 114.864 0.725874 0.687241 0.0283883 63.4379 -0.0180602 -0.0222153 0.99959 0.329781
0.768371 -0.640005 -0.000602137 92.5364 0.639521 0.767752 0.0396072 39.3994 -0.0248865 -0.0308181 0.999215 1.93129
0.688238 -0.725476 -0.00374224 115.453 0.725117 0.687715 0.0353901 64.0721 -0.0231011 -0.0270704 0.999367 0.316023
0.72998 -0.683466 -0.00165199 93.1991 0.683054 0.729452 0.0365549 40.0375 -0.023779 -0.0278128 0.99933 1.9137
0.688654 -0.725083 -0.00327819 116.043 0.724593 0.688006 0.0401609 64.7127 -0.0268646 -0.0300323 0.999188 0.297816
0.718715 -0.695305 -0.000425668 93.5121 0.694924 0.7183 0.0335581 40.376 -0.0230274 -0.0244145 0.999437 1.91869
0.6902 -0.723564 -0.00889299 117.201 0.723582 0.689989 0.0185555 65.9186 -0.00729001 -0.0192418 0.999788 0.265435
0.704698 -0.70947 -0.00728042 94.2374 0.709096 0.703902 0.0412941 41.0363 -0.0241723 -0.0342624 0.999121 1.89585
0.689834 -0.723887 -0.0108233 117.779 0.723968 0.689753 0.0105458 66.5127 -0.000168584 -0.0151105 0.999886 0.296104
0.7 -0.71386 -0.0201283 94.9988 0.713884 0.698708 0.0466504 41.7924 -0.019238 -0.0470245 0.998708 1.8646
0.68799 -0.725682 0.00743228 118.958 0.725172 0.687832 0.0318044 67.7665 -0.0281921 -0.0164914 0.999467 0.297876
0.702262 -0.711572 -0.0222193 95.3187 0.711761 0.701108 0.0429403 42.2127 -0.014977 -0.0459702 0.998831 1.88883
0.686312 -0.727061 0.0189048 119.551 0.726109 0.686442 0.0395322 68.3874 -0.0417194 -0.0134045 0.999039 0.287413
0.707123 -0.70655 -0.0276427 96.1239 0.707036 0.706042 0.0400632 43.0104 -0.00878974 -0.047874 0.998815 1.87927
0.685513 -0.728051 0.00369156 120.668 0.727702 0.685326 0.027906 69.5962 -0.0228469 -0.0164436 0.999604 0.232052
0.71521 -0.698097 -0.0336973 96.9639 0.698892 0.714014 0.0416346 43.8579 -0.00500463 -0.0533283 0.998564 1.84071
0.684617 -0.728893 -0.00383991 121.233 0.728763 0.684373 0.023213 70.2025 -0.0142918 -0.0186904 0.999723 0.213845
0.718941 -0.69416 -0.0355713 97.383 0.695047 0.717551 0.0450628 44.2497 -0.0057566 -0.0571213 0.998351 1.82348
0.680882 -0.732393 -0.001085 122.37 0.732232 0.680699 0.0220307 71.4264 -0.0153965 -0.0157948 0.999757 0.227943
0.724191 -0.689107 -0.0260769 98.2916 0.689513 0.722981 0.0432461 45.1218 -0.010948 -0.0492988 0.998724 1.84937
0.678215 -0.734864 -0.00034087 122.927 0.734726 0.678079 0.0196701 72.0433 -0.0142237 -0.013591 0.999807 0.22554
0.726329 -0.686981 -0.0224363 98.7875 0.687149 0.724948 0.0477222 45.637 -0.0165191 -0.0500791 0.998609 1.81565
0.672178 -0.740367 -0.00578998 124.028 0.740275 0.671915 0.0228625 73.2813 -0.0130363 -0.0196539 0.999722 0.213439
0.72853 -0.684714 -0.0202911 99.2459 0.68479 0.727212 0.0471775 46.0603 -0.0175472 -0.0482653 0.99868 1.79676
0.670703 -0.741676 -0.00862179 124.574 0.741618 0.670362 0.0248574 73.9037 -0.0126564 -0.023066 0.999654 0.213431
0.729306 -0.683936 -0.018546 99.7905 0.684028 0.728283 0.0413535 46.5384 -0.0147764 -0.0428454 0.998972 1.78126
0.669366 -0.742869 -0.00974547 125.117 0.742793 0.668928 0.0281788 74.5207 -0.0144141 -0.0261008 0.999555 0.208138
0.730707 -0.682426 -0.0190472 100.267 0.682616 0.729927 0.035255 46.9783 -0.0101559 -0.038763 0.999197 1.79466
0.668481 -0.74369 -0.0076612 125.671 0.743505 0.66799 0.0314578 75.1335 -0.0182772 -0.0267251 0.999476 0.189829
0.72986 -0.68309 -0.0263293 100.748 0.683585 0.72907 0.0341803 47.4118 -0.00415235 -0.0429451 0.999069 1.80385
0.667325 -0.744742 -0.00610582 126.209 0.744551 0.666911 0.0295669 75.7407 -0.0179477 -0.0242768 0.999544 0.197168
0.725735 -0.687008 -0.0364391 101.789 0.687973 0.724608 0.0404626 48.3906 -0.00139413 -0.0544343 0.998516 1.78088
0.661953 -0.749528 -0.00510339 127.293 0.749452 0.661748 0.0202553 76.9627 -0.0118047 -0.0172328 0.999782 0.197214
0.723976 -0.689122 -0.0311463 102.318 0.689781 0.722682 0.0439564 48.9325 -0.0077824 -0.0533075 0.998548 1.77958
0.656991 -0.753891 -0.0034383 127.821 0.753813 0.656841 0.0180334 77.5777 -0.0113368 -0.0144396 0.999832 0.195574
0.720616 -0.692985 -0.0219921 103.335 0.693206 0.719512 0.0420456 49.9652 -0.0133134 -0.0455438 0.998874 1.78686
0.647104 -0.762385 0.0050559 128.874 0.762022 0.646977 0.0272624 78.8021 -0.0240555 -0.0137889 0.999615 0.157542
