0.478682 -0.87775 0.0204598 0.683951 0.877971 0.478687 -0.00496789 0.553054 -0.0054333 0.0203412 0.999778 0.788652
0.477666 -0.878365 0.0176283 1.10457 0.878537 0.477628 -0.00657221 1.32927 -0.00264696 0.0186264 0.999823 0.793894
0.475701 -0.879493 0.0141536 1.52616 0.879606 0.475666 -0.00595608 2.12756 -0.00149407 0.0152829 0.999882 0.789225
0.475005 -0.879885 0.0131335 1.9309 0.879983 0.47497 -0.00587585 2.90587 -0.00106794 0.0143483 0.999896 0.792892
0.473652 -0.880597 0.014221 2.35475 0.880709 0.473631 -0.00500542 3.7027 -0.00232774 0.0148954 0.999886 0.800484
0.472457 -0.88123 0.014764 2.7857 0.881347 0.472453 -0.0040005 4.5245 -0.00344996 0.0149023 0.999883 0.804969
0.471538 -0.881708 0.0155817 3.20813 0.881836 0.471542 -0.0036697 5.32446 -0.0041118 0.0154709 0.999872 0.81162
0.46996 -0.882557 0.0151911 3.63708 0.882683 0.469946 -0.00472272 6.13468 -0.00297091 0.0156284 0.999873 0.814072
0.469253 -0.882904 0.0167896 4.06239 0.883059 0.469229 -0.00558709 6.95354 -0.00294527 0.0174479 0.999843 0.815171
0.468472 -0.883341 0.015584 4.49841 0.883468 0.468478 -0.00349364 7.76872 -0.00421468 0.0154046 0.999872 0.823611
0.46842 -0.883361 0.0160161 4.91964 0.883474 0.468481 4.10983e-05 8.58872 -0.00753956 0.0141306 0.999872 0.822933
0.468902 -0.883086 0.0170568 5.35788 0.883184 0.469016 0.00323598 9.422 -0.0108575 0.0135469 0.999849 0.82796
0.470031 -0.88243 0.0197059 5.80842 0.882544 0.470203 0.00497355 10.2681 -0.0136546 0.0150537 0.999793 0.825066
0.471635 -0.881528 0.0216463 6.2457 0.881676 0.471832 0.00480579 11.1061 -0.0144499 0.0168185 0.999754 0.824724
0.47277 -0.880903 0.0223284 6.68643 0.881096 0.472931 0.00224383 11.9445 -0.0125364 0.0186127 0.999748 0.817768
0.473871 -0.880366 0.0200589 7.12719 0.880552 0.473949 -0.000957866 12.7872 -0.00866365 0.0181168 0.999798 0.808346
0.474981 -0.879816 0.0178034 7.57866 0.879978 0.475004 -0.0031908 13.6429 -0.00564937 0.0171822 0.999836 0.804131
0.475656 -0.879485 0.0160249 8.03826 0.879612 0.475688 -0.0019847 14.4818 -0.00587736 0.0150398 0.99987 0.810064
0.475682 -0.879415 0.0188658 8.49881 0.879554 0.475796 0.00177754 15.3351 -0.0105395 0.0157479 0.99982 0.812382
0.474802 -0.879721 0.0255784 8.96218 0.879974 0.475014 0.0025675 16.1932 -0.0144088 0.0212892 0.99967 0.80874
0.473855 -0.87986 0.0361571 9.4332 0.88049 0.474052 -0.00345292 17.0532 -0.0141023 0.0334722 0.99934 0.80863
0.47255 -0.880517 0.0372213 9.89511 0.881237 0.472611 -0.00769854 17.9116 -0.0108125 0.0364388 0.999277 0.805767
0.471411 -0.881213 0.0351459 10.3593 0.88188 0.471368 -0.0100298 18.7878 -0.00772831 0.0357226 0.999332 0.800243
0.469603 -0.882354 0.0303858 10.8204 0.882856 0.469553 -0.00921756 19.6739 -0.00613461 0.0311549 0.999496 0.798597
0.468609 -0.882943 0.0285961 11.2916 0.883375 0.468615 -0.00690418 20.5641 -0.00730457 0.0284964 0.999567 0.81093
0.467663 -0.883435 0.0288835 11.7537 0.88385 0.467754 -0.00391526 21.4452 -0.0100515 0.0273597 0.999575 0.803914
0.467014 -0.883982 0.0217626 12.2205 0.884174 0.467156 0.00164599 22.3154 -0.0116215 0.0184732 0.999762 0.803021
0.465333 -0.884889 0.0208926 12.6778 0.885038 0.465503 0.00389905 23.2032 -0.0131758 0.0166764 0.999774 0.792211
0.465738 -0.884694 0.020099 13.1298 0.884761 0.465967 0.00856284 24.0697 -0.016941 0.0137947 0.999761 0.811931
0.465312 -0.884921 0.0199735 13.5692 0.88491 0.465591 0.0126301 24.9557 -0.0204761 0.0117979 0.999721 0.79592
0.464985 -0.885023 0.0228874 14.0384 0.885085 0.465301 0.0109507 25.8872 -0.0203412 0.0151654 0.999678 0.764368
0.465064 -0.884912 0.0254285 14.504 0.885093 0.465362 0.00704669 26.7703 -0.0180691 0.0192294 0.999652 0.752934
0.465089 -0.884948 0.0236408 14.9447 0.885117 0.465333 0.00581635 27.6612 -0.016148 0.0182197 0.999704 0.724329
0.46442 -0.885383 0.0202637 15.3817 0.885481 0.464627 0.00678684 28.5214 -0.015424 0.0147911 0.999772 0.727234
0.463559 -0.885858 0.0191829 15.8482 0.885909 0.463776 0.00880035 29.3703 -0.0166924 0.0129148 0.999777 0.748768
0.462995 -0.886093 0.0218066 16.3504 0.886189 0.463249 0.00831074 30.3233 -0.017466 0.0154769 0.999728 0.719927
0.462351 -0.886341 0.0251388 16.7804 0.886542 0.462615 0.00561895 31.1884 -0.0166099 0.0196887 0.999668 0.687609
0.462124 -0.886655 0.0168789 17.2008 0.886744 0.462244 0.00391713 32.0288 -0.0112753 0.0131571 0.99985 0.707009
0.46249 -0.886538 0.0124099 17.6748 0.886574 0.462567 0.00419221 32.8669 -0.00945696 0.00906341 0.999914 0.723155
0.462014 -0.886841 0.00751345 18.1304 0.8868 0.462068 0.0088467 33.744 -0.0113173 0.00257562 0.999933 0.750009
0.461782 -0.886814 0.0178296 18.5467 0.886854 0.461972 0.00844679 34.6008 -0.0157275 0.0119117 0.999805 0.708206
0.461321 -0.886979 0.021249 18.9734 0.887069 0.461564 0.00821713 35.4763 -0.0170962 0.0150586 0.99974 0.691322
0.461351 -0.886937 0.0223223 19.4416 0.887071 0.461586 0.00656217 36.3562 -0.0161239 0.016774 0.999729 0.692716
0.461085 -0.887068 0.0225965 19.903 0.887231 0.461297 0.00501154 37.2269 -0.0148693 0.0177376 0.999732 0.706936
0.460084 -0.887649 0.0200567 20.3267 0.887759 0.460272 0.00583124 38.0331 -0.0144076 0.0151226 0.999782 0.710189
0.459388 -0.887874 0.0253502 20.7504 0.888038 0.459701 0.00799001 38.8904 -0.0187476 0.0188414 0.999647 0.690278
0.458824 -0.888013 0.0302231 21.2082 0.888212 0.459302 0.0110275 39.7602 -0.0236741 0.0217848 0.999482 0.677106
0.457192 -0.888859 0.0300924 21.6714 0.88898 0.45773 0.0140673 40.5921 -0.026278 0.0203201 0.999448 0.669974
0.456705 -0.889044 0.0319519 22.073 0.88928 0.457228 0.0111612 41.3855 -0.0245321 0.0233168 0.999427 0.622254
0.454958 -0.889954 0.0315389 22.4955 0.890302 0.455335 0.0056094 42.2316 -0.0193529 0.0255271 0.999487 0.58703
0.454602 -0.890485 0.019293 22.9424 0.890615 0.454744 0.00348126 43.0639 -0.0118734 0.0156 0.999808 0.643405
0.452166 -0.891879 0.00993884 23.3334 0.891847 0.452249 0.00895874 43.8254 -0.0124849 0.00481309 0.99991 0.635987
0.451827 -0.892058 0.00922692 23.7432 0.892006 0.451907 0.0102952 44.6271 -0.0133536 0.00357883 0.999904 0.629742
0.451526 -0.8922 0.0101568 24.1413 0.892122 0.451627 0.0123315 45.4442 -0.0155893 0.0034931 0.999872 0.623749
0.450214 -0.892858 0.0105429 24.5081 0.892784 0.45032 0.0121512 46.203 -0.015597 0.0039419 0.999871 0.62542
0.448512 -0.893743 0.00771976 24.8874 0.893637 0.448578 0.0137719 46.9768 -0.0157714 0.000721814 0.999875 0.647041
0.448232 -0.893906 0.0045133 25.2737 0.893769 0.448244 0.0159575 47.7478 -0.0162875 -0.0031188 0.999862 0.680857
0.4468 -0.894633 0.0010601 25.631 0.894495 0.446751 0.0171108 48.5065 -0.0157815 -0.00669684 0.999853 0.717953
0.44534 -0.895357 0.00260071 26.0028 0.895205 0.445315 0.0173795 49.2571 -0.016719 -0.00541161 0.999846 0.717528
0.44463 -0.895706 0.00373725 26.364 0.895497 0.44461 0.0201523 50.0093 -0.0197122 -0.00561362 0.99979 0.682516
0.443896 -0.896066 0.00467435 26.6954 0.89577 0.443874 0.0239189 50.6767 -0.0235078 -0.00643038 0.999703 0.661352
0.441368 -0.897293 0.00772204 27.042 0.896977 0.44142 0.0240806 51.3918 -0.025016 -0.00370191 0.99968 0.667453
0.4402 -0.897871 0.00722008 27.3771 0.897579 0.440244 0.0231666 52.0336 -0.0239792 -0.00371734 0.999706 0.62707
0.438952 -0.89849 0.00608703 27.6801 0.898356 0.438992 0.0155404 52.7163 -0.0166351 -0.00135317 0.999861 0.63541
0.438282 -0.898837 0.000102095 27.9754 0.89877 0.438251 0.0121542 53.3928 -0.0109694 -0.00523524 0.999926 0.635468
0.438073 -0.89891 -0.00732718 28.31 0.898897 0.437959 0.013282 54.0332 -0.00873032 -0.0124049 0.999885 0.661811
0.437834 -0.898997 -0.0102595 28.5424 0.89898 0.43762 0.0179944 54.605 -0.0116871 -0.0171016 0.999785 0.656671
0.436478 -0.899701 -0.00499941 28.8222 0.899604 0.43633 0.0181005 55.2105 -0.0141036 -0.0123979 0.999824 0.662029
0.435241 -0.900304 -0.00429575 29.1255 0.900228 0.435129 0.0158839 55.7786 -0.0124311 -0.0107805 0.999865 0.656508
0.435236 -0.900314 -0.00191498 29.4305 0.900279 0.435198 0.0099838 56.3457 -0.00815516 -0.00606933 0.999948 0.663058
0.435734 -0.900075 -0.000338111 29.6968 0.90007 0.43573 0.00367985 56.8678 -0.00316482 -0.00190776 0.999993 0.650562
0.43856 -0.89869 -0.00456532 29.9478 0.8987 0.438542 0.00448415 57.3863 -0.00202778 -0.00606942 0.999979 0.665662
0.443288 -0.896345 -0.00787311 30.1715 0.896366 0.443218 0.00923583 57.9113 -0.00478898 -0.0111513 0.999926 0.657345
0.446665 -0.89467 -0.00747312 30.4046 0.894676 0.446575 0.0111508 58.4304 -0.00663897 -0.0116667 0.99991 0.662639
0.451913 -0.892057 -0.00307644 30.6586 0.892002 0.45184 0.0131621 58.9044 -0.0103513 -0.00869231 0.999909 0.692337
0.458647 -0.888616 0.00214294 30.8939 0.888516 0.458629 0.0141172 59.3957 -0.0135276 -0.00457079 0.999898 0.71795
0.46826 -0.883584 0.00353712 31.1544 0.883455 0.468254 0.0156512 59.8296 -0.0154854 -0.00420395 0.999871 0.718499
0.481379 -0.876512 0.000757335 31.3892 0.876377 0.48132 0.017168 60.3162 -0.0154125 -0.00760063 0.999852 0.703359
0.497295 -0.867573 -0.00373405 31.5894 0.867441 0.497133 0.0201299 60.7289 -0.0156079 -0.0132496 0.99979 0.692063
0.516006 -0.856583 -0.00183725 31.8879 0.856415 0.51586 0.0210233 61.1373 -0.0170605 -0.0124216 0.999777 0.688091
0.536977 -0.843597 -0.000189377 32.2016 0.843423 0.536861 0.0204427 61.526 -0.0171437 -0.011137 0.999791 0.706474
0.562195 -0.827 0.00272107 32.5087 0.826792 0.562122 0.0208173 61.8829 -0.0187455 -0.00945363 0.99978 0.727823
0.591689 -0.806154 0.00449284 32.7233 0.805878 0.591617 0.0234711 62.2553 -0.0215794 -0.0102669 0.999714 0.724692
0.62409 -0.781325 0.00656791 33.0009 0.781047 0.624059 0.022718 62.5818 -0.0218489 -0.00904823 0.99972 0.713816
0.655813 -0.754894 0.00657748 33.3021 0.754589 0.655757 0.024049 62.9047 -0.0224677 -0.0108084 0.999689 0.713361
0.691469 -0.722356 0.00845911 33.607 0.722033 0.691441 0.0240406 63.1778 -0.0232149 -0.0105156 0.999675 0.687726
0.727479 -0.686096 0.00679251 33.9175 0.685798 0.727399 0.0238891 63.4441 -0.0213311 -0.0127206 0.999692 0.689084
0.763665 -0.645591 0.00521533 34.2439 0.645338 0.763552 0.0229632 63.6858 -0.018807 -0.0141706 0.999723 0.67948
0.799775 -0.600289 0.00364622 34.5995 0.600087 0.799638 0.0217888 63.9041 -0.0159952 -0.0152381 0.999756 0.663005
0.836925 -0.547298 0.00469294 34.9269 0.547081 0.836784 0.0222319 64.0888 -0.0160944 -0.016039 0.999742 0.655724
0.870989 -0.49129 0.00359933 35.2487 0.491117 0.870836 0.0211726 64.299 -0.0135363 -0.0166734 0.999769 0.64128
0.901273 -0.433231 0.00418391 35.6472 0.433081 0.901148 0.0192968 64.4737 -0.0121303 -0.0155797 0.999805 0.629995
0.927215 -0.374498 0.00494332 35.9898 0.374355 0.927104 0.0183526 64.5736 -0.011456 -0.0151662 0.999819 0.639866
0.948961 -0.315341 0.00567502 36.3312 0.315181 0.948831 0.0195281 64.67 -0.0115426 -0.0167427 0.999793 0.658541
0.966796 -0.255439 0.00751303 36.6892 0.255233 0.966645 0.0213123 64.7393 -0.0127064 -0.0186871 0.999745 0.656728
0.980865 -0.194472 0.0091229 37.0563 0.194246 0.980723 0.0212442 64.7705 -0.0130784 -0.0190656 0.999733 0.636595
0.990844 -0.134728 0.00876472 37.4115 0.134551 0.990736 0.0183763 64.8112 -0.0111593 -0.0170287 0.999793 0.618939
0.997047 -0.076283 0.00882797 37.7919 0.0761558 0.996998 0.0139458 64.8377 -0.0098653 -0.0132323 0.999864 0.632071
0.999739 -0.0209628 0.00904593 38.1717 0.0208212 0.999663 0.0154821 64.8467 -0.00936744 -0.0152898 0.999839 0.650389
0.999402 0.0333564 0.00908693 38.5285 -0.0335256 0.999254 0.0191465 64.7883 -0.00844149 -0.0194397 0.999775 0.635997
0.99637 0.0848361 0.00707477 38.8881 -0.0849651 0.996172 0.020537 64.7835 -0.00530541 -0.0210635 0.999764 0.644313
0.991273 0.131744 0.00453149 39.2545 -0.131797 0.99117 0.0145506 64.7168 -0.00257453 -0.0150208 0.999884 0.62007
0.984807 0.173625 0.00326116 39.6476 -0.173636 0.984803 0.00357251 64.6301 -0.00259133 -0.00408449 0.999988 0.654122
0.977545 0.21064 0.00599758 40.0138 -0.210632 0.977563 -0.00197278 64.4974 -0.00627856 0.000665198 0.99998 0.672269
0.969451 0.245182 0.00717039 40.3759 -0.245186 0.969476 -0.000329286 64.3893 -0.00703225 -0.00143885 0.999974 0.69304
0.961253 0.275617 0.00529392 40.7218 -0.275656 0.961211 0.00932851 64.3072 -0.00251748 -0.0104264 0.999942 0.67847
0.952912 0.303234 0.00287831 41.1256 -0.303239 0.952769 0.0166799 64.197 0.00231557 -0.0167673 0.999857 0.65945
0.944571 0.328306 0.000195008 41.4811 -0.328263 0.944437 0.0167668 64.0332 0.00532046 -0.0159014 0.999859 0.686849
0.936317 0.351137 -0.00366873 41.8618 -0.351067 0.936264 0.0127252 63.8856 0.0079032 -0.0106269 0.999912 0.684761
0.928721 0.370649 -0.00978488 42.2244 -0.370592 0.928768 0.00723076 63.7478 0.011768 -0.00308916 0.999926 0.680877
0.921248 0.388462 -0.0199977 42.6082 -0.388347 0.921464 0.00950287 63.531 0.0221187 -0.00098845 0.999755 0.711875
0.914239 0.404758 -0.0183673 43.0453 -0.404535 0.914404 0.0147221 63.3762 0.022754 -0.00602927 0.999723 0.70635
0.907431 0.419961 -0.014226 43.4468 -0.419769 0.907512 0.0146847 63.1483 0.0190773 -0.00735366 0.999791 0.729171
0.901447 0.432762 -0.0105051 43.8598 -0.432613 0.901473 0.0139041 62.959 0.0154872 -0.00798917 0.999848 0.742938
0.895526 0.44493 -0.00832337 44.3096 -0.444833 0.895542 0.0113414 62.7145 0.0125001 -0.00645401 0.999901 0.729818
0.889261 0.457316 -0.00879915 44.7432 -0.457259 0.889299 0.00778826 62.4765 0.0113868 -0.0029023 0.999931 0.736125
0.883864 0.467552 -0.013418 45.1706 -0.467548 0.88396 0.00363214 62.2604 0.0135592 0.00306321 0.999903 0.758391
0.880381 0.474023 -0.0152017 45.6896 -0.474047 0.880497 0.00222198 61.9706 0.0144383 0.00525011 0.999882 0.774553
0.87695 0.480363 -0.0144765 46.2066 -0.480376 0.877058 0.0028004 61.7054 0.0140419 0.00449834 0.999891 0.756818
0.873774 0.486093 -0.0152654 46.6646 -0.486126 0.873887 0.001718 61.4476 0.0141753 0.00591975 0.999882 0.771117
0.870787 0.491409 -0.0157352 47.2116 -0.491456 0.870902 0.00105063 61.0978 0.0142202 0.0068183 0.999876 0.771192
0.86834 0.495744 -0.0149438 47.714 -0.495773 0.86845 0.00189461 60.8223 0.0139172 0.00576357 0.999887 0.769083
0.866449 0.499025 -0.0154833 48.277 -0.499063 0.866564 0.00158317 60.522 0.0142073 0.0063554 0.999879 0.772105
0.864935 0.501635 -0.0157999 48.816 -0.501686 0.865049 0.000821406 60.2012 0.0140797 0.00721613 0.999875 0.778251
0.863223 0.504591 -0.0152977 49.405 -0.504623 0.863337 0.00195504 59.8552 0.0141936 0.00603196 0.999881 0.814936
0.862655 0.50556 -0.0153542 49.9782 -0.5056 0.862767 0.00139414 59.5156 0.0139519 0.00656044 0.999881 0.802103
0.862214 0.506268 -0.0167177 50.5977 -0.50636 0.862321 -0.00153319 59.182 0.0136398 0.0097871 0.999859 0.837091
0.863231 0.504475 -0.0183539 51.1982 -0.504622 0.863331 -0.00413793 58.798 0.013758 0.0128338 0.999823 0.829334
0.865056 0.501305 -0.0192857 51.8044 -0.501494 0.865137 -0.00641387 58.4406 0.0134695 0.01522 0.999793 0.832989
0.866935 0.498074 -0.018611 52.4759 -0.498218 0.867043 -0.00379012 58.0757 0.0142488 0.0125581 0.99982 0.84271
0.869087 0.494332 -0.017969 53.13 -0.494468 0.869187 -0.00380801 57.7178 0.013736 0.0121946 0.999831 0.846686
0.87152 0.490105 -0.0157823 53.816 -0.490197 0.871609 -0.00231138 57.3255 0.0126231 0.00975082 0.999873 0.829284
0.873188 0.487207 -0.0131098 54.522 -0.487239 0.873268 0.000886137 56.9481 0.0118801 0.00561382 0.999914 0.863479
0.875067 0.483874 -0.0110972 55.2462 -0.483872 0.875134 0.00306868 56.5875 0.0111964 0.00268431 0.999934 0.879747
0.877107 0.480149 -0.0118123 55.9399 -0.480134 0.877185 0.00427315 56.1409 0.0124133 0.00192348 0.999921 0.893515
0.879503 0.475685 -0.0140647 56.6605 -0.475631 0.879615 0.00720297 55.8059 0.0157979 0.000354563 0.999875 0.907011
0.881001 0.472839 -0.0161018 57.368 -0.472779 0.881148 0.00763755 55.4209 0.0177994 0.000883908 0.999841 0.925382
0.881705 0.471555 -0.0152228 58.0912 -0.471368 0.881819 0.0143951 55.0401 0.0202119 -0.0055167 0.99978 0.95878
0.881141 0.472681 -0.0127657 58.845 -0.472372 0.881141 0.0213442 54.6813 0.0213373 -0.0127771 0.999691 0.96018
0.880384 0.474137 -0.0108971 59.605 -0.473905 0.88038 0.0185871 54.2877 0.0184065 -0.0111996 0.999768 1.00074
0.880434 0.473992 -0.0129639 60.2876 -0.473819 0.880506 0.0143394 53.9007 0.0182115 -0.00648232 0.999813 1.03082
0.880428 0.474055 -0.0108796 61.052 -0.473815 0.880419 0.0189943 53.5364 0.0185829 -0.0115682 0.99976 1.06789
0.880772 0.473432 -0.0101312 61.771 -0.47318 0.880735 0.0201778 53.127 0.0184757 -0.0129781 0.999745 1.07448
0.88109 0.472797 -0.0119712 62.4955 -0.472514 0.881083 0.0205842 52.7346 0.0202797 -0.01248 0.999716 1.09043
0.880957 0.473088 -0.0101432 63.2855 -0.472799 0.880892 0.0221411 52.3623 0.0194097 -0.0147097 0.999703 1.12044
0.87962 0.475615 -0.00766027 64.033 -0.475287 0.879437 0.0263333 51.9652 0.0192612 -0.0195225 0.999624 1.14657
0.878034 0.478571 -0.00517155 64.6903 -0.478229 0.877729 0.0298098 51.6233 0.0188053 -0.0237008 0.999542 1.18048
0.876329 0.481664 -0.00682363 65.4363 -0.481398 0.876181 0.0237374 51.2364 0.0174122 -0.0175169 0.999695 1.23453
0.873611 0.486617 -0.00262284 66.179 -0.486366 0.873311 0.0278711 50.8376 0.0158531 -0.0230728 0.999608 1.27342
0.870239 0.492628 -0.001457 66.8853 -0.492384 0.869895 0.0289832 50.4315 0.0155454 -0.024505 0.999579 1.30356
0.865739 0.500495 -0.00103918 67.5996 -0.500263 0.865398 0.028708 50.018 0.0152675 -0.0243338 0.999587 1.30293
0.859911 0.510444 0.00100867 68.2537 -0.510216 0.859465 0.0316248 49.6457 0.0152758 -0.0277092 0.999499 1.32357
0.854694 0.51913 -0.00119678 68.9716 -0.51893 0.854426 0.025842 49.2226 0.0144379 -0.0214659 0.999665 1.37101
0.849048 0.528316 -0.000196338 69.6597 -0.528153 0.848794 0.024556 48.8207 0.01314 -0.0207455 0.999698 1.3834
0.842786 0.538247 0.00150681 70.3379 -0.538106 0.842494 0.025415 48.3773 0.01241 -0.0222302 0.999676 1.3935
0.836966 0.547248 0.00293248 70.993 -0.547117 0.836622 0.0269569 47.9537 0.0122987 -0.0241664 0.999632 1.42556
0.830781 0.556598 0.000826992 71.6177 -0.556429 0.830491 0.0259159 47.5273 0.0137379 -0.0219906 0.999664 1.44025
0.824658 0.565618 -0.00405958 72.3053 -0.565406 0.82451 0.0223499 47.1348 0.0159886 -0.0161357 0.999742 1.4387
0.818392 0.574632 -0.00562928 72.9496 -0.574411 0.818287 0.0214299 46.7004 0.0169207 -0.0143046 0.999755 1.47999
0.812111 0.583474 -0.0057205 73.5613 -0.583249 0.812008 0.0215315 46.2428 0.0172082 -0.0141495 0.999752 1.48721
0.806533 0.591146 -0.00712579 74.1534 -0.590906 0.806462 0.0211892 45.7937 0.0182726 -0.0128792 0.99975 1.53594
0.801079 0.598535 -0.00530072 74.7895 -0.598307 0.800968 0.021866 45.3636 0.0173333 -0.014345 0.999747 1.54268
0.794834 0.606776 -0.00783009 75.3696 -0.606599 0.794823 0.0171461 44.8946 0.0166274 -0.00887857 0.999822 1.54155
0.790126 0.612913 -0.00611874 75.9548 -0.612729 0.790074 0.0185863 44.426 0.0162261 -0.0109364 0.999808 1.56839
0.78624 0.617908 -0.00408337 76.5379 -0.617753 0.786163 0.018152 43.971 0.0144265 -0.0117493 0.999827 1.6117
0.784337 0.620304 -0.00619775 77.1203 -0.620187 0.784329 0.0139988 43.5215 0.0135446 -0.00713601 0.999883 1.63276
0.78269 0.622389 -0.00531372 77.6384 -0.622273 0.782667 0.0144349 43.0771 0.013143 -0.00799144 0.999882 1.67682
0.781514 0.623835 -0.00809322 78.1676 -0.623791 0.781556 0.00743555 42.658 0.0109639 -0.000762515 0.99994 1.69421
0.781538 0.623804 -0.00815703 78.6858 -0.623751 0.781579 0.0082409 42.2499 0.0115161 -0.00135262 0.999933 1.70112
0.782032 0.623182 -0.00834425 79.2038 -0.6231 0.782071 0.0105566 41.8551 0.0131044 -0.00305627 0.999909 1.70064
0.783331 0.621516 -0.0105153 79.7197 -0.621445 0.783401 0.00947985 41.452 0.0141296 -0.000891149 0.9999 1.72465
0.786577 0.617382 -0.0116891 80.2105 -0.617327 0.786663 0.00823376 41.0645 0.0142788 0.000739525 0.999898 1.73162
0.791743 0.610715 -0.0130821 80.6246 -0.610643 0.791851 0.00938953 40.7033 0.0160934 0.000554378 0.99987 1.74874
0.798955 0.601267 -0.0121911 81.1014 -0.601197 0.799048 0.00917864 40.3254 0.0152601 -4.07826e-06 0.999884 1.76058
0.806472 0.591165 -0.0112134 81.597 -0.591053 0.806545 0.0119172 40.0021 0.0160892 -0.00298317 0.999866 1.8049
0.815356 0.578823 -0.0126301 82.0625 -0.578692 0.815448 0.0126306 39.6901 0.01761 -0.00298948 0.99984 1.79877
0.825785 0.563761 -0.0159173 82.5172 -0.563622 0.825937 0.0125878 39.4007 0.0202433 -0.00142348 0.999794 1.82825
0.838522 0.544522 -0.0194154 82.9765 -0.544396 0.838746 0.0117238 39.1453 0.0226684 0.000739041 0.999743 1.83743
0.852791 0.5218 -0.0217063 83.427 -0.521662 0.853067 0.0120337 38.9181 0.0247962 0.0010611 0.999692 1.83912
0.868107 0.496009 -0.0190967 83.8704 -0.495772 0.868306 0.0159416 38.6953 0.024489 -0.00437137 0.999691 1.86303
0.886053 0.463251 -0.017549 84.3557 -0.463028 0.88621 0.0153978 38.4563 0.0226852 -0.00551761 0.999727 1.898
0.904718 0.425711 -0.016 84.7575 -0.425521 0.90484 0.0140075 38.2685 0.0204405 -0.00586448 0.999774 1.89238
0.923121 0.384303 -0.0125758 85.2596 -0.384119 0.923164 0.0148728 38.0662 0.0173252 -0.00889882 0.99981 1.91508
0.940291 0.340267 -0.00843077 85.742 -0.340109 0.94025 0.0159614 37.9606 0.0133582 -0.012141 0.999837 1.91997
0.956231 0.292531 -0.00696841 86.2154 -0.292393 0.956163 0.0160842 37.8759 0.0113681 -0.0133427 0.999846 1.96662
0.971318 0.237684 -0.00690429 86.6621 -0.237553 0.971245 0.0158657 37.8316 0.0104768 -0.0137705 0.99985 1.95957
0.983905 0.178503 -0.00820426 87.1419 -0.178382 0.983867 0.013644 37.8051 0.0105074 -0.0119609 0.999873 1.97792
0.993541 0.112732 -0.0129484 87.6455 -0.11259 0.993579 0.0111762 37.802 0.0141251 -0.00964616 0.999854 2.0015
0.998877 0.0443679 -0.0166045 88.123 -0.0442037 0.998971 0.0101292 37.8113 0.0170368 -0.00938381 0.999811 2.02338
0.999457 -0.0258216 -0.0204534 88.5843 0.0260385 0.999607 0.0104146 37.88 0.0201764 -0.0109415 0.999737 2.01308
0.995139 -0.0959246 -0.0223067 89.0521 0.0962193 0.995281 0.0125374 37.9639 0.0209988 -0.0146228 0.999673 2.00567
0.985898 -0.165528 -0.024617 89.5258 0.165847 0.986084 0.01154 38.0754 0.0223643 -0.0154599 0.99963 2.00524
0.971851 -0.234298 -0.0247057 90.0053 0.234621 0.972024 0.0110675 38.2119 0.0214214 -0.0165524 0.999633 2.01599
0.953306 -0.301279 -0.0209187 90.4681 0.301568 0.953365 0.0123373 38.3745 0.0162262 -0.0180697 0.999705 2.03971
0.93074 -0.365343 -0.0157473 90.8443 0.365538 0.930719 0.0120083 38.6286 0.0102692 -0.0169329 0.999804 2.01822
0.904358 -0.426627 -0.0112101 91.3005 0.42676 0.90423 0.0156368 38.8418 0.00346539 -0.0189253 0.999815 2.0505
0.875735 -0.482734 -0.00740703 91.7266 0.482786 0.87555 0.0181688 39.0615 -0.00228549 -0.0194871 0.999807 2.06712
0.846705 -0.532056 -0.00242803 92.1101 0.531973 0.846472 0.0221113 39.3082 -0.00970918 -0.0200134 0.999753 2.07198
0.817682 -0.575669 -0.00108006 92.4816 0.575489 0.817376 0.0266224 39.5772 -0.0144429 -0.0223902 0.999645 2.09716
0.790926 -0.611897 -0.00410688 92.8168 0.611704 0.790467 0.0313031 39.895 -0.0159079 -0.0272707 0.999502 2.08565
0.767545 -0.640946 -0.00796967 93.1621 0.640819 0.766982 0.0329908 40.2099 -0.0150328 -0.0304291 0.999424 2.08238
0.746643 -0.665138 -0.0107923 93.4954 0.665072 0.746024 0.0335714 40.5137 -0.0142782 -0.0322435 0.999378 2.04199
0.73081 -0.682525 -0.00877383 93.813 0.682426 0.73031 0.0306771 40.8131 -0.0145303 -0.0284066 0.999491 2.05451
0.71973 -0.694222 -0.00669415 94.1449 0.694108 0.719347 0.0274437 41.114 -0.0142366 -0.0243985 0.999601 2.05645
0.71162 -0.702508 -0.00891801 94.5255 0.702401 0.711124 0.030601 41.487 -0.0151556 -0.0280403 0.999492 2.07209
0.704401 -0.709684 -0.0129613 94.8847 0.709664 0.703786 0.0325794 41.8655 -0.0139991 -0.0321471 0.999385 2.06964
0.699771 -0.714157 -0.017344 95.2287 0.714238 0.698977 0.0359881 42.2465 -0.0135781 -0.0375712 0.999202 2.0641
0.699035 -0.714705 -0.0233819 95.5908 0.715018 0.69814 0.0367331 42.6347 -0.00992954 -0.0423962 0.999052 2.03318
0.700803 -0.712831 -0.0273384 95.9688 0.713338 0.700005 0.0337983 42.995 -0.00495547 -0.0431874 0.999055 2.06928
0.702009 -0.711568 -0.0292432 96.3582 0.712167 0.701345 0.0305404 43.3652 -0.00122203 -0.0422657 0.999106 2.07816
0.703977 -0.709549 -0.0309318 96.7556 0.710219 0.703458 0.0271239 43.7844 0.0025135 -0.041063 0.999153 2.07724
0.707629 -0.705799 -0.0333102 97.1448 0.706566 0.707165 0.0261316 44.2003 0.00511216 -0.0420274 0.999103 2.07572
0.711161 -0.701921 -0.0394658 97.5962 0.703008 0.710455 0.0321372 44.64 0.00548088 -0.0505995 0.998704 2.06071
0.713801 -0.699221 -0.0397247 97.9885 0.700339 0.712932 0.0353938 45.054 0.00357297 -0.0530849 0.998584 2.05214
0.717494 -0.695708 -0.0345313 98.4986 0.696564 0.716695 0.0338656 45.5327 0.00118784 -0.0483516 0.99883 2.06997
0.719915 -0.693438 -0.0294316 98.9063 0.694054 0.719047 0.0355172 45.9673 -0.00346625 -0.0459964 0.998936 2.07811
0.724194 -0.689029 -0.0279704 99.3805 0.689578 0.723281 0.0366986 46.447 -0.00505594 -0.0458647 0.998935 2.07934
0.726496 -0.686823 -0.0218614 99.8401 0.687148 0.725845 0.031242 46.8348 -0.00558972 -0.0377192 0.999273 2.08756
0.727482 -0.685608 -0.0266881 100.4 0.686121 0.726761 0.0325108 47.314 -0.00289377 -0.0419623 0.999115 2.0772
0.727155 -0.686066 -0.0236585 100.832 0.686473 0.726727 0.0249425 47.7042 8.11191e-05 -0.034378 0.999409 2.09214
0.726437 -0.686578 -0.0300038 101.349 0.687215 0.726039 0.024537 48.2087 0.00493738 -0.0384436 0.999249 2.08231
0.723824 -0.689174 -0.0334392 101.803 0.689943 0.72346 0.0241644 48.6672 0.00753842 -0.0405619 0.999149 2.08031
0.722333 -0.690796 -0.0321861 102.338 0.691533 0.721815 0.0276542 49.1867 0.00412899 -0.0422332 0.999099 2.06743
0.720902 -0.692509 -0.0270573 102.848 0.693037 0.720364 0.0278416 49.6864 0.000210536 -0.0388228 0.999246 2.07277
0.71835 -0.695342 -0.0217634 103.366 0.695663 0.717744 0.0299487 50.1996 -0.005204 -0.0366536 0.999314 2.07497
0.717191 -0.696563 -0.0208924 103.91 0.696853 0.716601 0.0296437 50.7408 -0.00567717 -0.0358191 0.999342 2.08949
0.71431 -0.699501 -0.0214176 104.417 0.699825 0.713875 0.025035 51.2397 -0.00222255 -0.0328713 0.999457 2.10188
0.712324 -0.701276 -0.0284082 104.992 0.70185 0.711796 0.0274418 51.8257 0.00097654 -0.0394857 0.99922 2.08178
0.70965 -0.703806 -0.0324643 105.492 0.704539 0.709185 0.0261062 52.3326 0.00464946 -0.0413986 0.999132 2.11088
0.70777 -0.705737 -0.0315777 106.085 0.706428 0.707342 0.025043 52.9074 0.0046624 -0.0400321 0.999188 2.10167
0.705869 -0.707726 -0.029546 106.677 0.70834 0.70536 0.0268626 53.4719 0.0018292 -0.0398902 0.999202 2.09018
0.703584 -0.71006 -0.0280147 107.233 0.710611 0.702948 0.029953 54.0346 -0.00157557 -0.0409819 0.999159 2.08694
0.702546 -0.711151 -0.0263266 107.804 0.711631 0.701891 0.0304943 54.6152 -0.00320764 -0.0401584 0.999188 2.07834
0.702642 -0.711334 -0.0172662 108.398 0.711535 0.702308 0.021934 55.1916 -0.00347621 -0.0276973 0.99961 2.11013
0.701729 -0.712329 -0.0128476 108.955 0.712432 0.701497 0.0184803 55.8114 -0.00415149 -0.0221212 0.999747 2.12553
0.701768 -0.712322 -0.0108775 109.521 0.712398 0.701608 0.0153594 56.3931 -0.00330911 -0.0185278 0.999823 2.13816
0.702466 -0.711461 -0.0190946 110.069 0.711718 0.702197 0.0194242 57.0033 -0.00041137 -0.0272348 0.999629 2.12969
0.702796 -0.710828 -0.0283126 110.691 0.711392 0.702237 0.0280229 57.6681 -3.72939e-05 -0.0398357 0.999206 2.11678
0.704067 -0.709225 -0.0358996 111.286 0.710133 0.703241 0.0341016 58.2607 0.00106036 -0.0495032 0.998773 2.15586
0.70632 -0.706943 -0.0366574 111.862 0.707891 0.705238 0.0391058 58.8452 -0.00179339 -0.0535706 0.998562 2.13705
0.708008 -0.705266 -0.0363921 112.5 0.706204 0.707028 0.0372482 59.5062 -0.000539674 -0.0520723 0.998643 2.12646
0.709798 -0.703627 -0.0330967 113.092 0.704404 0.709097 0.0315706 60.0594 0.00125485 -0.0457222 0.998953 2.1665
0.710101 -0.703395 -0.0315021 113.689 0.704098 0.709488 0.029528 60.6863 0.00158053 -0.0431484 0.999067 2.17296
0.710093 -0.70329 -0.0339274 114.321 0.704105 0.7094 0.0314246 61.2991 0.00196752 -0.0462028 0.99893 2.1584
0.710385 -0.703107 -0.0315163 114.961 0.70381 0.709799 0.0289205 61.8845 0.00203602 -0.0427261 0.999085 2.17933
0.711677 -0.701737 -0.0328595 115.545 0.702506 0.710874 0.0338058 62.5057 -0.000363788 -0.0471429 0.998888 2.17231
0.71269 -0.70076 -0.0317478 116.177 0.70146 0.711604 0.0396674 63.1288 -0.00520545 -0.0505404 0.998708 2.16762
0.713633 -0.699843 -0.0307843 116.778 0.700459 0.712302 0.0445293 63.7288 -0.0092358 -0.0533408 0.998534 2.18304
0.713629 -0.699849 -0.0307553 117.378 0.700514 0.712686 0.0368721 64.2974 -0.003886 -0.0478575 0.998847 2.17821
0.714291 -0.69901 -0.0342684 117.973 0.69981 0.713912 0.0243932 64.8784 0.00741357 -0.0414052 0.999115 2.16804
0.713151 -0.700011 -0.0374309 118.559 0.700848 0.713119 0.0165476 65.4674 0.0151092 -0.0380343 0.999162 2.18835
0.712514 -0.700727 -0.0361359 119.12 0.701607 0.712139 0.0246274 66.0646 0.00847667 -0.0429005 0.999043 2.2225
0.712909 -0.700611 -0.0300953 119.761 0.701251 0.712076 0.0345537 66.6386 -0.00277855 -0.0457381 0.99895 2.2205
0.711454 -0.702654 -0.0105445 120.367 0.702273 0.710365 0.0468401 67.2856 -0.0254219 -0.0407297 0.998847 2.18318
0.711575 -0.702513 -0.0116603 120.981 0.702288 0.710648 0.0420922 67.8506 -0.0212839 -0.0381406 0.999046 2.17464
0.710471 -0.703296 -0.0246225 121.57 0.703679 0.70958 0.0364865 68.4485 -0.00818916 -0.0432489 0.999031 2.18006
0.709676 -0.703621 -0.0357397 122.143 0.704525 0.708903 0.0331818 69.0337 0.0019886 -0.0487279 0.99881 2.17896
0.707625 -0.705639 -0.0366137 122.749 0.706579 0.706934 0.0314729 69.6529 0.00367494 -0.0481415 0.998834 2.20437
0.705269 -0.708083 -0.0348523 123.327 0.708938 0.704534 0.0322386 70.263 0.00172701 -0.047445 0.998872 2.21712
0.703538 -0.709896 -0.0329106 123.869 0.710656 0.702891 0.03021 70.8307 0.00168661 -0.0446419 0.999002 2.22148
0.700019 -0.713428 -0.0315273 124.453 0.714112 0.699584 0.0250314 71.4373 0.00419788 -0.0400365 0.999189 2.23117
0.697786 -0.715351 -0.0369873 125.02 0.716295 0.697133 0.0304509 72.0158 0.00400196 -0.047742 0.998852 2.23643
0.695584 -0.717421 -0.0383451 125.55 0.718436 0.694844 0.0322693 72.578 0.00349323 -0.0499945 0.998743 2.25246
0.694582 -0.718387 -0.0384091 126.15 0.719413 0.693677 0.0354627 73.25 0.00116755 -0.0522637 0.998633 2.25704
0.693808 -0.719163 -0.0378976 126.709 0.72016 0.692817 0.0370613 73.8334 -0.000396997 -0.0530058 0.998594 2.28935
0.692468 -0.720584 -0.0353128 127.276 0.721448 0.691645 0.0337544 74.4033 0.000101037 -0.0488502 0.998806 2.32779
0.690433 -0.722638 -0.0331193 127.877 0.723394 0.689826 0.0290156 75.022 0.00187877 -0.0439916 0.99903 2.32104
0.686984 -0.725932 -0.0327846 128.393 0.726662 0.686521 0.0255211 75.5895 0.00398077 -0.0413559 0.999137 2.33154
0.682748 -0.729956 -0.0319258 128.919 0.730642 0.682334 0.0241135 76.16 0.00418221 -0.0397898 0.999199 2.31389
0.678023 -0.73444 -0.0296932 129.476 0.73504 0.677494 0.0267809 76.7372 0.00044798 -0.0399838 0.9992 2.32277
0.673544 -0.738654 -0.0269914 130.017 0.739125 0.672794 0.0322669 77.3628 -0.00567446 -0.0416832 0.999115 2.32703
0.670177 -0.74191 -0.020798 130.564 0.742049 0.669211 0.0389867 77.9659 -0.0150063 -0.0415612 0.999023 2.33584
0.667707 -0.744185 -0.0188507 131.083 0.744143 0.666546 0.0443571 78.5157 -0.020445 -0.0436452 0.998838 2.35146
0.664523 -0.746933 -0.0223676 131.65 0.747134 0.66354 0.0388038 79.1502 -0.014142 -0.0424976 0.998996 2.3462
0.659377 -0.75134 -0.026648 132.192 0.751784 0.658632 0.0320041 79.788 -0.0064947 -0.0411363 0.999132 2.33824
0.654144 -0.755855 -0.027902 132.696 0.75637 0.653682 0.0245747 80.3494 -0.000335856 -0.0371797 0.999309 2.37012
0.649285 -0.759815 -0.0333106 133.22 0.760545 0.648604 0.0297393 80.9996 -0.000991021 -0.0446435 0.999003 2.34579
0.643267 -0.764815 -0.0355702 133.744 0.765629 0.642295 0.0356341 81.6398 -0.00440693 -0.0501559 0.998732 2.31199
0.636316 -0.770591 -0.0359318 134.254 0.771419 0.63538 0.0347126 82.2804 -0.00391888 -0.0498067 0.998751 2.34362
0.629658 -0.776028 -0.0362196 134.734 0.776872 0.628939 0.0300764 82.9172 -0.000560213 -0.0470758 0.998891 2.36391
0.623322 -0.780977 -0.0392977 135.279 0.781958 0.622743 0.0270671 83.5581 0.00333363 -0.0476007 0.998861 2.36098
0.616191 -0.786591 -0.0397949 135.748 0.787592 0.615575 0.027689 84.2212 0.0027168 -0.0484039 0.998824 2.3619
0.610556 -0.791057 -0.038082 136.255 0.791967 0.609652 0.0333542 84.8847 -0.00316825 -0.0505243 0.998718 2.34436
0.603601 -0.796406 -0.0374587 136.758 0.797243 0.602413 0.0387464 85.5676 -0.00829225 -0.0532511 0.998547 2.36594
0.597385 -0.801138 -0.0361684 137.25 0.801882 0.596116 0.0403943 86.2441 -0.0108009 -0.0531337 0.998529 2.37529
0.591503 -0.80549 -0.0362033 137.736 0.80621 0.590158 0.0416949 86.9327 -0.0122192 -0.0538501 0.998474 2.39395
0.587059 -0.808742 -0.0360139 138.205 0.809469 0.585817 0.0397322 87.622 -0.0110355 -0.0524773 0.998561 2.40276
0.58405 -0.810695 -0.0407427 138.694 0.811677 0.58278 0.039346 88.3072 -0.00815363 -0.0560499 0.998395 2.36689
0.58145 -0.812201 -0.0473841 139.148 0.813573 0.580179 0.0386247 88.9335 -0.00387976 -0.0610088 0.99813 2.37544
0.578314 -0.81412 -0.0525515 139.6 0.815814 0.577122 0.0371125 89.6137 0.000114627 -0.064335 0.997928 2.38044
0.575736 -0.815817 -0.0545053 140.078 0.817635 0.574358 0.0398239 90.3166 -0.00118349 -0.0674935 0.997719 2.41677
0.573367 -0.817736 -0.0505741 140.544 0.819244 0.571519 0.0469566 90.9967 -0.00949405 -0.0683559 0.997616 2.41462
0.570917 -0.819652 -0.0471554 141.007 0.820754 0.568371 0.0575954 91.6926 -0.0204065 -0.0715852 0.997226 2.40824
0.567583 -0.82218 -0.0432421 141.516 0.823098 0.56544 0.0527996 92.3954 -0.01896 -0.0655606 0.997668 2.37734
0.562988 -0.825597 -0.0378654 141.984 0.826404 0.561801 0.0378837 93.0494 -0.0100039 -0.0526202 0.998564 2.394
0.558101 -0.828833 -0.0394927 142.424 0.82977 0.55733 0.0294108 93.7114 -0.00236618 -0.049184 0.998787 2.41017
0.550642 -0.833462 -0.0461998 142.835 0.834733 0.549538 0.0350568 94.4279 -0.00382999 -0.0578682 0.998317 2.40144
0.544864 -0.837233 -0.0465233 143.33 0.838474 0.543386 0.0411399 95.1613 -0.00916358 -0.0614242 0.99807 2.38416
0.537437 -0.842507 -0.036642 143.764 0.843197 0.536171 0.0392323 95.8953 -0.0134071 -0.0519813 0.998558 2.41816
0.53319 -0.84547 -0.0298075 144.224 0.845859 0.532139 0.0367457 96.5607 -0.0152057 -0.0448054 0.99888 2.39512
0.528898 -0.848547 -0.015334 144.642 0.848519 0.528351 0.0293327 97.2521 -0.0167885 -0.0285252 0.999452 2.40768
0.522826 -0.852394 -0.0087767 145.055 0.852309 0.522539 0.0228398 97.9524 -0.0148824 -0.0194217 0.999701 2.41492
0.516987 -0.855842 -0.0160913 145.49 0.85597 0.516742 0.0171193 98.6089 -0.00633635 -0.0226242 0.999724 2.39251
0.51078 -0.859577 -0.0152202 145.943 0.859711 0.510723 0.00769108 99.3489 0.00116221 -0.0170134 0.999855 2.39309
0.503724 -0.863595 -0.0215806 146.356 0.863857 0.503459 0.0167192 100.131 -0.00357365 -0.0270644 0.999627 2.37149
0.500967 -0.865283 -0.0177819 146.832 0.865319 0.500397 0.0287391 100.901 -0.0159694 -0.0297844 0.999429 2.39535
0.496892 -0.867689 -0.0146642 147.207 0.867514 0.496206 0.0346246 101.604 -0.0227669 -0.0299261 0.999293 2.36546
0.4938 -0.869525 -0.00932927 147.61 0.869267 0.493311 0.031908 102.326 -0.0231426 -0.0238658 0.999447 2.36645
0.490167 -0.871553 -0.0114549 147.977 0.871484 0.489804 0.0246542 103.098 -0.0158768 -0.0220674 0.99963 2.35556
0.487669 -0.872584 -0.0278516 148.292 0.873008 0.487186 0.0225171 103.808 -0.00607913 -0.0352956 0.999358 2.3173
0.485192 -0.873893 -0.0300019 148.707 0.874406 0.484837 0.0186345 104.557 -0.00173851 -0.0352752 0.999376 2.36559
0.482931 -0.875248 -0.0268137 149.142 0.875647 0.482543 0.0198642 105.351 -0.00444733 -0.0330724 0.999443 2.38964
0.481983 -0.875918 -0.0214402 149.511 0.876126 0.481537 0.0229057 106.103 -0.00973923 -0.0298245 0.999508 2.39837
0.482572 -0.875608 -0.0208404 149.931 0.875705 0.48191 0.0300598 106.862 -0.0162774 -0.0327561 0.999331 2.37859
0.480956 -0.876563 -0.017858 150.399 0.876567 0.480349 0.0299145 107.644 -0.0176439 -0.0300413 0.999393 2.37397
0.479654 -0.877394 -0.0105642 150.712 0.877411 0.479469 0.0160784 108.344 -0.00904191 -0.0169812 0.999815 2.36314
0.477603 -0.878438 -0.0155397 151.144 0.878575 0.47752 0.00893483 109.081 -0.00042819 -0.0179201 0.999839 2.37641
0.476294 -0.879169 -0.0143662 151.576 0.879274 0.476309 0.00260862 109.825 0.00454934 -0.0138743 0.999893 2.37962
0.47426 -0.880081 -0.0231379 151.924 0.880385 0.474107 0.0120776 110.555 0.000340567 -0.0260982 0.999659 2.35935
0.472759 -0.88089 -0.0230711 152.381 0.881171 0.472408 0.0191843 111.417 -0.00600028 -0.0293991 0.99955 2.41595
0.472736 -0.881038 -0.0170728 152.848 0.881144 0.47239 0.0208178 112.214 -0.0102762 -0.0248849 0.999637 2.42518
0.472162 -0.88147 -0.00862777 153.182 0.881493 0.472065 0.0111785 112.889 -0.00578064 -0.0128834 0.9999 2.44212
0.471785 -0.881685 -0.00716676 153.55 0.881713 0.471758 0.00510456 113.679 -0.00111963 -0.00872728 0.999961 2.47261
0.471431 -0.881756 -0.016125 153.938 0.881903 0.471342 0.00918085 114.438 -0.000494869 -0.0185488 0.999828 2.4824
0.470485 -0.882103 -0.0232107 154.323 0.882405 0.470257 0.0148011 115.185 -0.00214108 -0.0274449 0.999621 2.46679
0.470053 -0.882512 -0.0149576 154.71 0.882628 0.469897 0.0128598 115.989 -0.00432037 -0.0192468 0.999805 2.56925
0.469756 -0.882681 -0.0142664 155.115 0.882764 0.469541 0.0160657 116.735 -0.0074822 -0.0201408 0.999769 2.54716
0.468924 -0.88315 -0.0125238 155.477 0.883205 0.468735 0.0153816 117.492 -0.00771394 -0.0182739 0.999803 2.5425
0.468721 -0.883251 -0.0129489 155.837 0.883335 0.468592 0.0118594 118.148 -0.00440709 -0.016997 0.999846 2.56351
0.467532 -0.883733 -0.0207403 156.221 0.883975 0.467438 0.00946282 118.915 0.00133219 -0.022758 0.99974 2.56739
0.466119 -0.884316 -0.026793 156.615 0.88472 0.465961 0.0122521 119.679 0.00164978 -0.0294152 0.999566 2.58964
0.464012 -0.88565 -0.0177904 156.946 0.885814 0.463797 0.0150044 120.376 -0.00503757 -0.0227212 0.999729 2.62607
0.462781 -0.886446 -0.00682789 157.302 0.886386 0.462615 0.0175319 121.094 -0.0123824 -0.0141656 0.999823 2.65939
0.461859 -0.886919 -0.00781704 157.7 0.886796 0.461593 0.0228893 121.769 -0.0166927 -0.0175038 0.999707 2.63745
0.460939 -0.88733 -0.0134544 158.063 0.887359 0.460655 0.0197747 122.498 -0.0113488 -0.0210538 0.999714 2.59008
0.461998 -0.886835 -0.00904811 158.382 0.886866 0.461907 0.0105485 123.124 -0.00517538 -0.0128978 0.999903 2.6194
0.46256 -0.886495 -0.0128124 158.686 0.886587 0.462488 0.00827993 123.751 -0.00141453 -0.0151893 0.999884 2.62448
0.463352 -0.886086 -0.0124889 159.042 0.886171 0.463342 0.00381348 124.388 0.00240754 -0.0128343 0.999915 2.60981
0.465379 -0.884943 -0.0172578 159.355 0.885078 0.465443 0.000355413 125.012 0.00771802 -0.0154399 0.999851 2.62266
0.470853 -0.882157 -0.00979755 159.653 0.88218 0.470901 -0.00316377 125.562 0.00740462 -0.00715354 0.999947 2.65151
0.47604 -0.87939 -0.0077198 159.934 0.879418 0.47605 0.000705603 126.167 0.00305451 -0.00712483 0.99997 2.69102
0.480339 -0.877056 -0.00678643 160.251 0.877067 0.480271 0.00963375 126.737 -0.00519002 -0.0105796 0.999931 2.682
0.485071 -0.874446 -0.00701333 160.582 0.874415 0.484929 0.0155776 127.367 -0.0102208 -0.0136888 0.999854 2.69188
0.490654 -0.871317 -0.00803706 160.881 0.871324 0.490538 0.0129546 127.924 -0.00734513 -0.0133591 0.999884 2.69112
0.497288 -0.867547 -0.0081942 161.214 0.867585 0.497266 0.00471263 128.507 -1.37333e-05 -0.00945271 0.999955 2.71078
0.50339 -0.863933 -0.0147413 161.511 0.864027 0.503446 -0.00011682 129.037 0.00752236 -0.012678 0.999891 2.70084
0.509998 -0.859901 -0.0217287 161.833 0.860077 0.510159 -0.00225544 129.646 0.0130246 -0.0175381 0.999761 2.71272
0.516098 -0.85628 -0.0206985 162.175 0.856456 0.51622 -0.000666847 130.198 0.011256 -0.0173832 0.999785 2.73659
0.521279 -0.853227 -0.0164647 162.517 0.853358 0.521322 0.00192589 130.741 0.00694018 -0.0150542 0.999863 2.78888
0.526091 -0.850381 -0.00891933 162.86 0.850426 0.526085 0.00325844 131.283 0.0019214 -0.00929947 0.999955 2.81709
0.530857 -0.847456 -0.00321512 163.215 0.847461 0.530855 0.00148741 131.784 0.000446243 -0.00351429 0.999994 2.83742
0.533312 -0.845918 -0.00101579 163.541 0.845916 0.533307 0.00307391 132.315 -0.00205855 -0.00249862 0.999995 2.81546
0.534145 -0.845392 -0.00152914 163.898 0.84539 0.534137 0.0036066 132.832 -0.00223222 -0.00321917 0.999992 2.83865
0.534134 -0.845389 -0.00424195 164.216 0.845385 0.534088 0.00854777 133.388 -0.00496061 -0.00815174 0.999954 2.81611
0.53323 -0.845966 -0.00257451 164.578 0.845933 0.533176 0.0110238 133.937 -0.00795312 -0.00805609 0.999936 2.8263
