0.470459 -0.882287 0.0154489 0.674743 0.882411 0.47047 -0.00315605 0.560719 -0.00448371 0.0151171 0.999876 0.791167
0.469836 -0.882617 0.0155181 0.723623 0.882742 0.46985 -0.00296904 0.647955 -0.00467067 0.0150935 0.999875 0.790941
0.467879 -0.883635 0.0166973 0.777232 0.883783 0.46788 -0.00408309 0.730469 -0.00420435 0.0166671 0.999852 0.791641
0.466791 -0.884191 0.0176909 0.798772 0.884353 0.466804 -0.00363301 0.801146 -0.00504592 0.0173409 0.999837 0.795195
0.466547 -0.884311 0.0181087 0.81957 0.884461 0.466614 -0.000589316 0.887806 -0.00792865 0.0162914 0.999836 0.796577
0.468958 -0.883093 0.0150211 1.0944 0.883212 0.468959 -0.0036732 1.374 -0.0038005 0.0149894 0.99988 0.793338
0.468334 -0.883422 0.01509 1.14314 0.883542 0.468338 -0.00348607 1.46132 -0.00398755 0.0149653 0.99988 0.79318
0.466376 -0.884437 0.016271 1.1966 0.88458 0.466366 -0.0045981 1.54393 -0.00352152 0.0165374 0.999857 0.793948
0.465287 -0.884991 0.0172639 1.21802 0.885149 0.465289 -0.00414632 1.61464 -0.00436325 0.0172104 0.999842 0.79755
0.465044 -0.885111 0.0176765 1.23867 0.885258 0.465099 -0.00110192 1.70133 -0.00724602 0.0161607 0.999843 0.798988
0.466809 -0.884169 0.0182954 1.24199 0.884291 0.466929 0.00267763 1.71702 -0.0109101 0.0149285 0.999829 0.800286
0.468359 -0.883329 0.0192381 1.28526 0.883438 0.468523 0.00486439 1.81463 -0.0133103 0.0147174 0.999803 0.800992
0.469546 -0.882698 0.0192681 1.28308 0.88279 0.469729 0.00610467 1.82564 -0.0144394 0.0141433 0.999796 0.79666
0.470545 -0.882105 0.0218513 1.27986 0.882289 0.470701 0.00234403 1.83514 -0.0123531 0.0181762 0.999758 0.784056
0.471428 -0.881651 0.0211439 1.29001 0.881869 0.471489 -0.00228943 1.83365 -0.00795063 0.0197254 0.999774 0.775053
0.473956 -0.880372 0.0176152 1.27639 0.880539 0.473948 -0.00489983 1.79043 -0.00403499 0.0178331 0.999833 0.778336
0.475074 -0.879821 0.0148187 1.24845 0.879938 0.475072 -0.00383474 1.69488 -0.00366605 0.0148613 0.999883 0.784226
0.474515 -0.880076 0.0173511 1.1442 0.880221 0.474561 -0.00163407 1.53527 -0.00679603 0.0160482 0.999848 0.782546
0.474009 -0.880269 0.0209986 1.02383 0.880454 0.47413 0.000871707 1.30542 -0.0107234 0.0180751 0.999779 0.781681
0.472591 -0.880699 0.0320492 0.905883 0.881223 0.472668 -0.00559552 1.06204 -0.0102207 0.0308869 0.999471 0.781232
0.470294 -0.881784 0.0357948 0.832812 0.882472 0.470261 -0.00984394 0.907516 -0.00815267 0.0362175 0.999311 0.774627
0.468486 -0.882906 0.0315908 0.750618 0.883462 0.468343 -0.0122374 0.734982 -0.00399084 0.0336424 0.999426 0.768109
0.466809 -0.883895 0.0286087 0.701281 0.884357 0.46661 -0.0137042 0.616912 -0.00123599 0.0316976 0.999497 0.756879
0.466566 -0.88408 0.0268191 0.604642 0.884484 0.466417 -0.0119475 0.492666 -0.00194635 0.0292953 0.999569 0.769031
0.466505 -0.884076 0.0279579 0.50953 0.884507 0.466425 -0.0097261 0.330999 -0.00444164 0.0292662 0.999562 0.770811
0.465871 -0.884355 0.0296628 0.416896 0.884831 0.465833 -0.0086307 0.173127 -0.00618529 0.0302673 0.999523 0.776197
0.464771 -0.884862 0.0317243 0.349515 0.885393 0.464783 -0.00745508 0.015204 -0.00814817 0.0315534 0.999469 0.771117
0.463791 -0.885432 0.0301312 0.237631 0.885871 0.463922 -0.00293765 -0.1865 -0.0113774 0.0280548 0.999542 0.797306
0.463344 -0.885678 0.0297975 0.149322 0.88606 0.463569 0.000750917 -0.305274 -0.0144783 0.0260545 0.999556 0.777363
0.462461 -0.886166 0.0289846 0.113428 0.886525 0.462679 0.000946111 -0.366427 -0.014249 0.0252581 0.999579 0.774429
0.461937 -0.886413 0.0297645 0.111202 0.886802 0.46215 0.000320873 -0.382542 -0.0140401 0.026247 0.999557 0.772983
0.462699 -0.88605 0.0287069 0.106236 0.886436 0.462848 -0.00164583 -0.347641 -0.0118286 0.0262084 0.999587 0.762762
0.462955 -0.885946 0.0277874 0.13648 0.886317 0.463073 -0.00239062 -0.276383 -0.0107496 0.0257352 0.999611 0.760209
0.461425 -0.886701 0.0291142 0.18444 0.887112 0.461545 -0.00284135 -0.158769 -0.0109181 0.0271386 0.999572 0.762362
0.460047 -0.887396 0.0297595 0.240704 0.887811 0.460205 -0.00170328 -0.0442872 -0.012184 0.0272044 0.999556 0.757756
0.459624 -0.88765 0.0286935 0.319539 0.888049 0.45974 -0.0027983 0.0927932 -0.0107076 0.0267674 0.999584 0.76181
0.459646 -0.887813 0.0226828 0.342352 0.88808 0.459667 -0.00457115 0.147294 -0.0063682 0.0222452 0.999732 0.761681
0.459588 -0.88791 0.0198414 0.330727 0.888124 0.459566 -0.00594766 0.183376 -0.00383745 0.0203551 0.999785 0.76749
0.458842 -0.888283 0.0204253 0.320544 0.888492 0.458882 -0.00298971 0.177281 -0.00671711 0.0195196 0.999787 0.771307
0.457998 -0.888597 0.0251559 0.267616 0.888897 0.458104 -0.00168573 0.110769 -0.0100261 0.0231331 0.999682 0.786467
0.458098 -0.888414 0.0294448 0.201722 0.888831 0.458228 -0.00256108 0.0201231 -0.0112171 0.0273447 0.999563 0.775755
0.459071 -0.887808 0.0324214 0.108799 0.888339 0.459161 -0.00505711 -0.116697 -0.0103969 0.0311228 0.999462 0.775144
0.459443 -0.887586 0.0332101 0.040256 0.888159 0.459488 -0.00671968 -0.248411 -0.00929535 0.0325832 0.999426 0.780032
0.459658 -0.887404 0.0350631 -0.0255044 0.88804 0.459713 -0.00695232 -0.365919 -0.00994947 0.0343332 0.999361 0.776895
0.470459 -0.882287 0.0154489 0.674743 0.882411 0.47047 -0.00315605 0.560719 -0.00448371 0.0151171 0.999876 0.791167
0.469836 -0.882617 0.0155181 0.723623 0.882742 0.46985 -0.00296904 0.647955 -0.00467067 0.0150935 0.999875 0.790941
0.467879 -0.883635 0.0166973 0.777232 0.883783 0.46788 -0.00408309 0.730469 -0.00420435 0.0166671 0.999852 0.791641
0.470459 -0.882287 0.0154489 0.674743 0.882411 0.47047 -0.00315605 0.560719 -0.00448371 0.0151171 0.999876 0.791167
0.469836 -0.882617 0.0155181 0.723623 0.882742 0.46985 -0.00296904 0.647955 -0.00467067 0.0150935 0.999875 0.790941
0.467879 -0.883635 0.0166973 0.777232 0.883783 0.46788 -0.00408309 0.730469 -0.00420435 0.0166671 0.999852 0.791641
0.466791 -0.884191 0.0176909 0.798772 0.884353 0.466804 -0.00363301 0.801146 -0.00504592 0.0173409 0.999837 0.795195
0.466547 -0.884311 0.0181087 0.81957 0.884461 0.466614 -0.000589316 0.887806 -0.00792865 0.0162914 0.999836 0.796577
0.468308 -0.883366 0.018734 0.822915 0.883489 0.468441 0.00318916 0.903488 -0.011593 0.0150578 0.999819 0.797865
0.469857 -0.882523 0.0196804 0.866349 0.882632 0.470034 0.0053743 1.00102 -0.0139934 0.0148454 0.999792 0.798499
0.471042 -0.881891 0.0197126 0.864192 0.881981 0.471238 0.00661452 1.01204 -0.0151226 0.0142704 0.999784 0.794162
0.472041 -0.881295 0.0222893 0.860982 0.88148 0.472212 0.00284947 1.02153 -0.0130365 0.0183025 0.999748 0.781555
0.472925 -0.880839 0.021574 0.871122 0.88106 0.473 -0.00178277 1.02003 -0.00863418 0.0198511 0.999766 0.772548
0.475452 -0.879556 0.0180409 0.857436 0.879729 0.475456 -0.00438712 0.976833 -0.00471891 0.017957 0.999828 0.77586
0.476569 -0.879005 0.0152462 0.829329 0.879126 0.476577 -0.00331725 0.881327 -0.00435013 0.0149843 0.999878 0.781814
0.470459 -0.882287 0.0154489 0.674743 0.882411 0.47047 -0.00315605 0.560719 -0.00448371 0.0151171 0.999876 0.791167
0.469836 -0.882617 0.0155181 0.723623 0.882742 0.46985 -0.00296904 0.647955 -0.00467067 0.0150935 0.999875 0.790941
0.467879 -0.883635 0.0166973 0.777232 0.883783 0.46788 -0.00408309 0.730469 -0.00420435 0.0166671 0.999852 0.791641
0.466791 -0.884191 0.0176909 0.798772 0.884353 0.466804 -0.00363301 0.801146 -0.00504592 0.0173409 0.999837 0.795195
0.466547 -0.884311 0.0181087 0.81957 0.884461 0.466614 -0.000589316 0.887806 -0.00792865 0.0162914 0.999836 0.796577
0.468308 -0.883366 0.018734 0.822915 0.883489 0.468441 0.00318916 0.903488 -0.011593 0.0150578 0.999819 0.797865
0.470459 -0.882287 0.0154489 0.674743 0.882411 0.47047 -0.00315605 0.560719 -0.00448371 0.0151171 0.999876 0.791167
0.469836 -0.882617 0.0155181 0.723623 0.882742 0.46985 -0.00296904 0.647955 -0.00467067 0.0150935 0.999875 0.790941
0.467879 -0.883635 0.0166973 0.777232 0.883783 0.46788 -0.00408309 0.730469 -0.00420435 0.0166671 0.999852 0.791641
0.466791 -0.884191 0.0176909 0.798772 0.884353 0.466804 -0.00363301 0.801146 -0.00504592 0.0173409 0.999837 0.795195
0.466547 -0.884311 0.0181087 0.81957 0.884461 0.466614 -0.000589316 0.887806 -0.00792865 0.0162914 0.999836 0.796577
0.468308 -0.883366 0.018734 0.822915 0.883489 0.468441 0.00318916 0.903488 -0.011593 0.0150578 0.999819 0.797865
0.469857 -0.882523 0.0196804 0.866349 0.882632 0.470034 0.0053743 1.00102 -0.0139934 0.0148454 0.999792 0.798499
0.471042 -0.881891 0.0197126 0.864192 0.881981 0.471238 0.00661452 1.01204 -0.0151226 0.0142704 0.999784 0.794162
0.472041 -0.881295 0.0222893 0.860982 0.88148 0.472212 0.00284947 1.02153 -0.0130365 0.0183025 0.999748 0.781555
0.472925 -0.880839 0.021574 0.871122 0.88106 0.473 -0.00178277 1.02003 -0.00863418 0.0198511 0.999766 0.772548
0.475452 -0.879556 0.0180409 0.857436 0.879729 0.475456 -0.00438712 0.976833 -0.00471891 0.017957 0.999828 0.77586
0.476569 -0.879005 0.0152462 0.829329 0.879126 0.476577 -0.00331725 0.881327 -0.00435013 0.0149843 0.999878 0.781814
0.47601 -0.87926 0.0177824 0.724805 0.879408 0.476067 -0.00112091 0.721899 -0.00748003 0.0161715 0.999841 0.780266
0.475502 -0.879453 0.0214341 0.604049 0.87964 0.475637 0.00137862 0.492247 -0.0114073 0.0181988 0.999769 0.779578
0.474086 -0.87988 0.0324736 0.485686 0.880411 0.474184 -0.00510758 0.249076 -0.0109044 0.0310115 0.99946 0.779312
0.471791 -0.880966 0.0362118 0.412349 0.881666 0.471781 -0.00936246 0.0946694 -0.00883606 0.0363439 0.9993 0.772823
0.469988 -0.882093 0.0320039 0.329859 0.882661 0.469864 -0.0117487 -0.0777273 -0.00467398 0.0337703 0.999419 0.766435
0.468313 -0.883086 0.0290193 0.280316 0.88356 0.468131 -0.0132104 -0.19572 -0.00191889 0.0318269 0.999492 0.75529
0.46807 -0.883272 0.0272327 0.183471 0.883688 0.467937 -0.0114506 -0.319794 -0.00262922 0.0294249 0.999564 0.767551
0.468008 -0.883269 0.0283753 0.0880851 0.883709 0.467945 -0.00923114 -0.481298 -0.00512449 0.0293957 0.999555 0.769461
0.467374 -0.883548 0.030082 -0.00481522 0.884033 0.467354 -0.00813866 -0.63901 -0.00686804 0.0303973 0.999514 0.774973
0.466274 -0.884056 0.0321455 -0.0724677 0.884597 0.466305 -0.00696658 -0.79682 -0.00883075 0.0316841 0.999459 0.770007
0.465294 -0.884629 0.0305601 -0.184683 0.885074 0.465443 -0.00244641 -0.99832 -0.0120598 0.0281863 0.99953 0.796355
0.464845 -0.884876 0.0302327 -0.273203 0.885262 0.46509 0.00124273 -1.11695 -0.0151606 0.0261862 0.999542 0.776515
0.463963 -0.885366 0.0294202 -0.309202 0.885729 0.464201 0.00143932 -1.17805 -0.0149312 0.0253905 0.999566 0.773629
0.46344 -0.885614 0.030199 -0.311456 0.886006 0.463673 0.000812742 -1.19416 -0.0147222 0.0263798 0.999544 0.772193
0.464202 -0.88525 0.029138 -0.316367 0.885641 0.464369 -0.00115215 -1.15926 -0.0125109 0.0263407 0.999575 0.761956
0.464458 -0.885145 0.0282173 -0.286003 0.885521 0.464595 -0.00189535 -1.08805 -0.0114319 0.0258673 0.9996 0.759351
0.462929 -0.885903 0.0295433 -0.237842 0.886319 0.463069 -0.00234836 -0.970517 -0.0116001 0.0272719 0.999561 0.761419
0.461552 -0.886599 0.0301905 -0.181385 0.88702 0.46173 -0.0012114 -0.856133 -0.0128658 0.0273387 0.999543 0.756726
0.46113 -0.886855 0.0291227 -0.102315 0.887259 0.461265 -0.00230459 -0.719185 -0.0113894 0.0269021 0.999573 0.760671
0.461154 -0.887019 0.023109 -0.0794092 0.887292 0.46119 -0.00406712 -0.664724 -0.00705002 0.02238 0.999725 0.760503
0.461098 -0.887118 0.0202653 -0.0909703 0.887338 0.461088 -0.00543876 -0.628618 -0.00451927 0.02049 0.99978 0.766297
0.460351 -0.887492 0.0208543 -0.101162 0.887706 0.460404 -0.00248182 -0.634694 -0.0073988 0.019655 0.999779 0.770122
0.459506 -0.887806 0.0255871 -0.154196 0.88811 0.459629 -0.00118594 -0.701108 -0.0107077 0.0232691 0.999672 0.785341
0.459605 -0.887621 0.0298744 -0.22025 0.888044 0.459755 -0.00206866 -0.791647 -0.0118987 0.0274805 0.999552 0.774707
0.460578 -0.887012 0.0328467 -0.313406 0.88755 0.460688 -0.00456981 -0.928309 -0.0110786 0.0312579 0.99945 0.774211
0.46095 -0.886789 0.0336325 -0.382171 0.88737 0.461016 -0.00623373 -1.0599 -0.00997713 0.032718 0.999415 0.7792
0.461164 -0.886605 0.0354852 -0.448132 0.887251 0.461241 -0.00646957 -1.1773 -0.0106313 0.0344678 0.999349 0.776155
0.460758 -0.886691 0.0384879 -0.501115 0.887414 0.460955 -0.00409609 -1.19571 -0.0141092 0.036042 0.999251 0.778428
0.458662 -0.887682 0.0406202 -0.52265 0.8884 0.459069 0.00078148 -1.22537 -0.0193412 0.0357285 0.999174 0.782861
0.456688 -0.888691 0.0407872 -0.503815 0.889343 0.457221 0.00431832 -1.19529 -0.0224864 0.0343017 0.999159 0.771283
0.455708 -0.889194 0.0407977 -0.470374 0.889922 0.456112 0.000681449 -1.14521 -0.0192143 0.0359962 0.999167 0.766861
0.455186 -0.88965 0.0364417 -0.445333 0.8903 0.455359 -0.00390185 -1.06265 -0.0131228 0.0342201 0.999328 0.751116
0.456229 -0.889268 0.0325122 -0.411197 0.88983 0.456218 -0.00819637 -0.944929 -0.00754386 0.0326697 0.999438 0.75074
0.454498 -0.890414 0.0243851 -0.355709 0.890718 0.454537 -0.00427557 -0.77207 -0.00727688 0.0236635 0.999693 0.745341
0.452848 -0.891319 0.0219056 -0.274749 0.891536 0.452949 -0.000362361 -0.591367 -0.00959915 0.0196937 0.99976 0.757974
0.451407 -0.891982 0.0244888 -0.220028 0.89224 0.451561 0.00084035 -0.483943 -0.0118078 0.0214706 0.9997 0.756431
0.449858 -0.892718 0.0261292 -0.212869 0.893021 0.450015 0.000145541 -0.402876 -0.0118885 0.0232684 0.999659 0.755645
0.448512 -0.89342 0.0252602 -0.256704 0.893697 0.448671 0.000678323 -0.403711 -0.0119395 0.0222708 0.999681 0.756866
0.44723 -0.89407 0.0249823 -0.315118 0.894338 0.44739 0.000950284 -0.445896 -0.0120265 0.0219176 0.999687 0.761164
0.445934 -0.894732 0.0244547 -0.37905 0.894978 0.446107 0.00181115 -0.500489 -0.0125299 0.0210788 0.999699 0.764936
0.444883 -0.895338 0.0211838 -0.442163 0.895484 0.445068 0.00478308 -0.563945 -0.0137107 0.0168418 0.999764 0.770098
0.443848 -0.895907 0.0186802 -0.504167 0.895954 0.444057 0.00894915 -0.610947 -0.0163127 0.0127645 0.999785 0.768095
0.442647 -0.896489 0.0192769 -0.547924 0.89648 0.44291 0.0124074 -0.635914 -0.019661 0.0117893 0.999737 0.758907
0.441083 -0.897219 0.0210646 -0.595706 0.897189 0.441408 0.0144883 -0.665706 -0.0222973 0.0125084 0.999673 0.752049
0.439886 -0.89777 0.0225689 -0.630359 0.89783 0.440199 0.0112699 -0.692482 -0.0200525 0.0153055 0.999682 0.752954
0.438832 -0.898292 0.0223277 -0.663415 0.898473 0.439013 0.00372701 -0.688309 -0.0131501 0.0184253 0.999744 0.742853
0.438116 -0.898754 0.0172153 -0.683401 0.898895 0.438162 -0.00121678 -0.683824 -0.00644951 0.0160079 0.999851 0.739397
0.438004 -0.898884 0.0126289 -0.667362 0.898963 0.438023 -0.00141068 -0.60921 -0.00426371 0.0119708 0.999919 0.739418
0.437817 -0.898999 0.0108051 -0.648316 0.899036 0.437866 0.0025782 -0.504708 -0.00704897 0.00858536 0.999938 0.748053
0.436266 -0.899717 0.0134986 -0.617396 0.899765 0.436354 0.00431889 -0.375608 -0.00977593 0.0102614 0.9999 0.756817
0.435169 -0.900186 0.0170896 -0.608643 0.90031 0.435249 0.00106345 -0.295863 -0.00839551 0.0149231 0.999853 0.763013
0.435181 -0.900095 0.0211235 -0.598587 0.900336 0.435148 -0.00635847 -0.283369 -0.00346862 0.0217853 0.999757 0.774825
0.43559 -0.899925 0.0198939 -0.610308 0.900145 0.435465 -0.0104798 -0.286658 0.000767913 0.0224723 0.999747 0.7837
0.438614 -0.89853 0.0161694 -0.641372 0.898675 0.438518 -0.00926702 -0.304297 0.00123612 0.0185957 0.999826 0.790044
0.441969 -0.896938 0.0128617 -0.673856 0.89703 0.441929 -0.00596465 -0.36255 -0.000334033 0.0141735 0.9999 0.784668
0.446207 -0.894825 0.0137077 -0.717016 0.894925 0.446202 -0.00355305 -0.420924 -0.00293705 0.0138528 0.9999 0.795737
0.450833 -0.892425 0.0180691 -0.737991 0.892585 0.450876 -0.00187221 -0.48316 -0.00647611 0.0169723 0.999835 0.803653
0.457414 -0.888945 0.0234474 -0.763238 0.889193 0.457533 -0.000350411 -0.559943 -0.0104165 0.0210095 0.999725 0.814893
0.466383 -0.884199 0.0260598 -0.777489 0.884489 0.46656 0.000769318 -0.62855 -0.0128387 0.0226908 0.99966 0.818067
0.479697 -0.87716 0.0219241 -0.809426 0.877339 0.479864 0.00277553 -0.684886 -0.0129552 0.0179035 0.999756 0.815513
0.495338 -0.868503 0.0185446 -0.842432 0.868595 0.495497 0.00499543 -0.737581 -0.0135274 0.0136334 0.999816 0.809
0.512689 -0.858396 0.0174792 -0.854555 0.85846 0.512847 0.00588235 -0.84449 -0.0140136 0.0119894 0.99983 0.80545
0.532825 -0.845985 0.0201776 -0.857952 0.846069 0.533034 0.00653217 -0.965907 -0.0162814 0.0135911 0.999775 0.811413
0.554838 -0.831645 0.0228255 -0.82741 0.831734 0.555117 0.00801088 -1.05553 -0.019333 0.01454 0.999707 0.813922
0.577767 -0.81587 0.0232683 -0.815437 0.815916 0.578084 0.00996647 -1.18735 -0.0215824 0.0132267 0.99968 0.808896
0.603262 -0.797208 0.0231002 -0.807841 0.79722 0.603589 0.0109906 -1.33799 -0.0227048 0.0117857 0.999673 0.80938
0.631562 -0.775002 0.0223896 -0.807331 0.774968 0.631884 0.0121383 -1.43684 -0.0235548 0.00968514 0.999676 0.80205
0.664203 -0.747206 0.022745 -0.761645 0.747152 0.664536 0.0125158 -1.57459 -0.0244667 0.0086809 0.999663 0.796779
0.698339 -0.715482 0.0202195 -0.741363 0.715383 0.698611 0.013055 -1.70151 -0.0234662 0.00534789 0.99971 0.800088
0.732527 -0.680506 0.0177751 -0.705677 0.680402 0.732736 0.0122802 -1.88587 -0.0213812 0.00309861 0.999767 0.795449
0.765856 -0.642797 0.0166337 -0.677911 0.64271 0.766033 0.0108487 -2.02089 -0.0197155 0.0023821 0.999803 0.790142
0.795631 -0.605534 0.0173085 -0.635961 0.605446 0.795816 0.0105518 -2.11305 -0.0201639 0.00208403 0.999795 0.777046
0.824601 -0.565397 0.0189472 -0.602326 0.565322 0.824814 0.00964778 -2.23438 -0.0210827 0.00275569 0.999774 0.762607
0.852308 -0.522662 0.0198827 -0.569661 0.522614 0.852532 0.00795511 -2.38714 -0.0211085 0.00361079 0.999771 0.759423
0.879974 -0.474529 0.021639 -0.518405 0.474494 0.880231 0.00705233 -2.51466 -0.0223939 0.00406173 0.999741 0.751988
0.907777 -0.41872 0.0247854 -0.39061 0.418667 0.908108 0.00755544 -2.63299 -0.0256715 0.0035182 0.999664 0.745582
0.933792 -0.356699 0.02824 -0.214587 0.356563 0.934219 0.00988494 -2.73758 -0.0299083 0.000838888 0.999552 0.724062
0.955008 -0.294961 0.0309589 0.026906 0.294751 0.955508 0.0112385 -2.78577 -0.0328964 -0.00160764 0.999457 0.708478
0.971571 -0.234481 0.0326925 0.341641 0.234238 0.972116 0.0111182 -2.78607 -0.0343879 -0.00314424 0.999404 0.697698
0.983769 -0.176412 0.0328137 0.732592 0.176233 0.984314 0.00829574 -2.745 -0.0337624 -0.00237825 0.999427 0.704892
0.991972 -0.122392 0.0317993 1.18556 0.1223 0.992481 0.00482212 -2.64757 -0.0321504 -0.000894357 0.999483 0.710419
0.996856 -0.0732829 0.0301394 1.61681 0.0730815 0.997296 0.00772819 -2.5106 -0.0306243 -0.00550125 0.999516 0.670948
0.470459 -0.882287 0.0154489 0.674743 0.882411 0.47047 -0.00315605 0.560719 -0.00448371 0.0151171 0.999876 0.791167
0.469836 -0.882617 0.0155181 0.723623 0.882742 0.46985 -0.00296904 0.647955 -0.00467067 0.0150935 0.999875 0.790941
0.467879 -0.883635 0.0166973 0.777232 0.883783 0.46788 -0.00408309 0.730469 -0.00420435 0.0166671 0.999852 0.791641
0.466791 -0.884191 0.0176909 0.798772 0.884353 0.466804 -0.00363301 0.801146 -0.00504592 0.0173409 0.999837 0.795195
0.466547 -0.884311 0.0181087 0.81957 0.884461 0.466614 -0.000589316 0.887806 -0.00792865 0.0162914 0.999836 0.796577
0.468308 -0.883366 0.018734 0.822915 0.883489 0.468441 0.00318916 0.903488 -0.011593 0.0150578 0.999819 0.797865
0.469857 -0.882523 0.0196804 0.866349 0.882632 0.470034 0.0053743 1.00102 -0.0139934 0.0148454 0.999792 0.798499
0.471042 -0.881891 0.0197126 0.864192 0.881981 0.471238 0.00661452 1.01204 -0.0151226 0.0142704 0.999784 0.794162
0.472041 -0.881295 0.0222893 0.860982 0.88148 0.472212 0.00284947 1.02153 -0.0130365 0.0183025 0.999748 0.781555
0.472925 -0.880839 0.021574 0.871122 0.88106 0.473 -0.00178277 1.02003 -0.00863418 0.0198511 0.999766 0.772548
0.475452 -0.879556 0.0180409 0.857436 0.879729 0.475456 -0.00438712 0.976833 -0.00471891 0.017957 0.999828 0.77586
0.476569 -0.879005 0.0152462 0.829329 0.879126 0.476577 -0.00331725 0.881327 -0.00435013 0.0149843 0.999878 0.781814
0.47601 -0.87926 0.0177824 0.724805 0.879408 0.476067 -0.00112091 0.721899 -0.00748003 0.0161715 0.999841 0.780266
0.475502 -0.879453 0.0214341 0.604049 0.87964 0.475637 0.00137862 0.492247 -0.0114073 0.0181988 0.999769 0.779578
0.474086 -0.87988 0.0324736 0.485686 0.880411 0.474184 -0.00510758 0.249076 -0.0109044 0.0310115 0.99946 0.779312
0.471791 -0.880966 0.0362118 0.412349 0.881666 0.471781 -0.00936246 0.0946694 -0.00883606 0.0363439 0.9993 0.772823
0.469988 -0.882093 0.0320039 0.329859 0.882661 0.469864 -0.0117487 -0.0777273 -0.00467398 0.0337703 0.999419 0.766435
0.468313 -0.883086 0.0290193 0.280316 0.88356 0.468131 -0.0132104 -0.19572 -0.00191889 0.0318269 0.999492 0.75529
0.46807 -0.883272 0.0272327 0.183471 0.883688 0.467937 -0.0114506 -0.319794 -0.00262922 0.0294249 0.999564 0.767551
0.468008 -0.883269 0.0283753 0.0880851 0.883709 0.467945 -0.00923114 -0.481298 -0.00512449 0.0293957 0.999555 0.769461
0.467374 -0.883548 0.030082 -0.00481522 0.884033 0.467354 -0.00813866 -0.63901 -0.00686804 0.0303973 0.999514 0.774973
0.466274 -0.884056 0.0321455 -0.0724677 0.884597 0.466305 -0.00696658 -0.79682 -0.00883075 0.0316841 0.999459 0.770007
0.465294 -0.884629 0.0305601 -0.184683 0.885074 0.465443 -0.00244641 -0.99832 -0.0120598 0.0281863 0.99953 0.796355
0.464845 -0.884876 0.0302327 -0.273203 0.885262 0.46509 0.00124273 -1.11695 -0.0151606 0.0261862 0.999542 0.776515
0.463963 -0.885366 0.0294202 -0.309202 0.885729 0.464201 0.00143932 -1.17805 -0.0149312 0.0253905 0.999566 0.773629
0.46344 -0.885614 0.030199 -0.311456 0.886006 0.463673 0.000812742 -1.19416 -0.0147222 0.0263798 0.999544 0.772193
0.464202 -0.88525 0.029138 -0.316367 0.885641 0.464369 -0.00115215 -1.15926 -0.0125109 0.0263407 0.999575 0.761956
0.464458 -0.885145 0.0282173 -0.286003 0.885521 0.464595 -0.00189535 -1.08805 -0.0114319 0.0258673 0.9996 0.759351
0.462929 -0.885903 0.0295433 -0.237842 0.886319 0.463069 -0.00234836 -0.970517 -0.0116001 0.0272719 0.999561 0.761419
0.461552 -0.886599 0.0301905 -0.181385 0.88702 0.46173 -0.0012114 -0.856133 -0.0128658 0.0273387 0.999543 0.756726
0.46113 -0.886855 0.0291227 -0.102315 0.887259 0.461265 -0.00230459 -0.719185 -0.0113894 0.0269021 0.999573 0.760671
0.461154 -0.887019 0.023109 -0.0794092 0.887292 0.46119 -0.00406712 -0.664724 -0.00705002 0.02238 0.999725 0.760503
0.461098 -0.887118 0.0202653 -0.0909703 0.887338 0.461088 -0.00543876 -0.628618 -0.00451927 0.02049 0.99978 0.766297
0.460351 -0.887492 0.0208543 -0.101162 0.887706 0.460404 -0.00248182 -0.634694 -0.0073988 0.019655 0.999779 0.770122
0.459506 -0.887806 0.0255871 -0.154196 0.88811 0.459629 -0.00118594 -0.701108 -0.0107077 0.0232691 0.999672 0.785341
0.459605 -0.887621 0.0298744 -0.22025 0.888044 0.459755 -0.00206866 -0.791647 -0.0118987 0.0274805 0.999552 0.774707
0.460578 -0.887012 0.0328467 -0.313406 0.88755 0.460688 -0.00456981 -0.928309 -0.0110786 0.0312579 0.99945 0.774211
0.46095 -0.886789 0.0336325 -0.382171 0.88737 0.461016 -0.00623373 -1.0599 -0.00997713 0.032718 0.999415 0.7792
0.461164 -0.886605 0.0354852 -0.448132 0.887251 0.461241 -0.00646957 -1.1773 -0.0106313 0.0344678 0.999349 0.776155
0.460758 -0.886691 0.0384879 -0.501115 0.887414 0.460955 -0.00409609 -1.19571 -0.0141092 0.036042 0.999251 0.778428
0.458662 -0.887682 0.0406202 -0.52265 0.8884 0.459069 0.00078148 -1.22537 -0.0193412 0.0357285 0.999174 0.782861
0.456688 -0.888691 0.0407872 -0.503815 0.889343 0.457221 0.00431832 -1.19529 -0.0224864 0.0343017 0.999159 0.771283
0.455708 -0.889194 0.0407977 -0.470374 0.889922 0.456112 0.000681449 -1.14521 -0.0192143 0.0359962 0.999167 0.766861
0.455186 -0.88965 0.0364417 -0.445333 0.8903 0.455359 -0.00390185 -1.06265 -0.0131228 0.0342201 0.999328 0.751116
0.456229 -0.889268 0.0325122 -0.411197 0.88983 0.456218 -0.00819637 -0.944929 -0.00754386 0.0326697 0.999438 0.75074
0.454498 -0.890414 0.0243851 -0.355709 0.890718 0.454537 -0.00427557 -0.77207 -0.00727688 0.0236635 0.999693 0.745341
0.470459 -0.882287 0.0154489 0.674743 0.882411 0.47047 -0.00315605 0.560719 -0.00448371 0.0151171 0.999876 0.791167
0.469836 -0.882617 0.0155181 0.723623 0.882742 0.46985 -0.00296904 0.647955 -0.00467067 0.0150935 0.999875 0.790941
0.467879 -0.883635 0.0166973 0.777232 0.883783 0.46788 -0.00408309 0.730469 -0.00420435 0.0166671 0.999852 0.791641
0.466791 -0.884191 0.0176909 0.798772 0.884353 0.466804 -0.00363301 0.801146 -0.00504592 0.0173409 0.999837 0.795195
0.466547 -0.884311 0.0181087 0.81957 0.884461 0.466614 -0.000589316 0.887806 -0.00792865 0.0162914 0.999836 0.796577
0.468308 -0.883366 0.018734 0.822915 0.883489 0.468441 0.00318916 0.903488 -0.011593 0.0150578 0.999819 0.797865
0.469857 -0.882523 0.0196804 0.866349 0.882632 0.470034 0.0053743 1.00102 -0.0139934 0.0148454 0.999792 0.798499
0.471042 -0.881891 0.0197126 0.864192 0.881981 0.471238 0.00661452 1.01204 -0.0151226 0.0142704 0.999784 0.794162
0.472041 -0.881295 0.0222893 0.860982 0.88148 0.472212 0.00284947 1.02153 -0.0130365 0.0183025 0.999748 0.781555
0.472925 -0.880839 0.021574 0.871122 0.88106 0.473 -0.00178277 1.02003 -0.00863418 0.0198511 0.999766 0.772548
0.475452 -0.879556 0.0180409 0.857436 0.879729 0.475456 -0.00438712 0.976833 -0.00471891 0.017957 0.999828 0.77586
0.476569 -0.879005 0.0152462 0.829329 0.879126 0.476577 -0.00331725 0.881327 -0.00435013 0.0149843 0.999878 0.781814
0.47601 -0.87926 0.0177824 0.724805 0.879408 0.476067 -0.00112091 0.721899 -0.00748003 0.0161715 0.999841 0.780266
0.475502 -0.879453 0.0214341 0.604049 0.87964 0.475637 0.00137862 0.492247 -0.0114073 0.0181988 0.999769 0.779578
0.474086 -0.87988 0.0324736 0.485686 0.880411 0.474184 -0.00510758 0.249076 -0.0109044 0.0310115 0.99946 0.779312
0.471791 -0.880966 0.0362118 0.412349 0.881666 0.471781 -0.00936246 0.0946694 -0.00883606 0.0363439 0.9993 0.772823
0.469988 -0.882093 0.0320039 0.329859 0.882661 0.469864 -0.0117487 -0.0777273 -0.00467398 0.0337703 0.999419 0.766435
0.468313 -0.883086 0.0290193 0.280316 0.88356 0.468131 -0.0132104 -0.19572 -0.00191889 0.0318269 0.999492 0.75529
0.46807 -0.883272 0.0272327 0.183471 0.883688 0.467937 -0.0114506 -0.319794 -0.00262922 0.0294249 0.999564 0.767551
0.468008 -0.883269 0.0283753 0.0880851 0.883709 0.467945 -0.00923114 -0.481298 -0.00512449 0.0293957 0.999555 0.769461
0.467374 -0.883548 0.030082 -0.00481522 0.884033 0.467354 -0.00813866 -0.63901 -0.00686804 0.0303973 0.999514 0.774973
0.466274 -0.884056 0.0321455 -0.0724677 0.884597 0.466305 -0.00696658 -0.79682 -0.00883075 0.0316841 0.999459 0.770007
0.465294 -0.884629 0.0305601 -0.184683 0.885074 0.465443 -0.00244641 -0.99832 -0.0120598 0.0281863 0.99953 0.796355
0.464845 -0.884876 0.0302327 -0.273203 0.885262 0.46509 0.00124273 -1.11695 -0.0151606 0.0261862 0.999542 0.776515
0.463963 -0.885366 0.0294202 -0.309202 0.885729 0.464201 0.00143932 -1.17805 -0.0149312 0.0253905 0.999566 0.773629
0.46344 -0.885614 0.030199 -0.311456 0.886006 0.463673 0.000812742 -1.19416 -0.0147222 0.0263798 0.999544 0.772193
0.464202 -0.88525 0.029138 -0.316367 0.885641 0.464369 -0.00115215 -1.15926 -0.0125109 0.0263407 0.999575 0.761956
0.464458 -0.885145 0.0282173 -0.286003 0.885521 0.464595 -0.00189535 -1.08805 -0.0114319 0.0258673 0.9996 0.759351
0.462929 -0.885903 0.0295433 -0.237842 0.886319 0.463069 -0.00234836 -0.970517 -0.0116001 0.0272719 0.999561 0.761419
0.461552 -0.886599 0.0301905 -0.181385 0.88702 0.46173 -0.0012114 -0.856133 -0.0128658 0.0273387 0.999543 0.756726
0.46113 -0.886855 0.0291227 -0.102315 0.887259 0.461265 -0.00230459 -0.719185 -0.0113894 0.0269021 0.999573 0.760671
0.461154 -0.887019 0.023109 -0.0794092 0.887292 0.46119 -0.00406712 -0.664724 -0.00705002 0.02238 0.999725 0.760503
0.461098 -0.887118 0.0202653 -0.0909703 0.887338 0.461088 -0.00543876 -0.628618 -0.00451927 0.02049 0.99978 0.766297
0.460351 -0.887492 0.0208543 -0.101162 0.887706 0.460404 -0.00248182 -0.634694 -0.0073988 0.019655 0.999779 0.770122
0.459506 -0.887806 0.0255871 -0.154196 0.88811 0.459629 -0.00118594 -0.701108 -0.0107077 0.0232691 0.999672 0.785341
0.459605 -0.887621 0.0298744 -0.22025 0.888044 0.459755 -0.00206866 -0.791647 -0.0118987 0.0274805 0.999552 0.774707
0.460578 -0.887012 0.0328467 -0.313406 0.88755 0.460688 -0.00456981 -0.928309 -0.0110786 0.0312579 0.99945 0.774211
0.46095 -0.886789 0.0336325 -0.382171 0.88737 0.461016 -0.00623373 -1.0599 -0.00997713 0.032718 0.999415 0.7792
0.461164 -0.886605 0.0354852 -0.448132 0.887251 0.461241 -0.00646957 -1.1773 -0.0106313 0.0344678 0.999349 0.776155
0.460758 -0.886691 0.0384879 -0.501115 0.887414 0.460955 -0.00409609 -1.19571 -0.0141092 0.036042 0.999251 0.778428
0.458662 -0.887682 0.0406202 -0.52265 0.8884 0.459069 0.00078148 -1.22537 -0.0193412 0.0357285 0.999174 0.782861
0.456688 -0.888691 0.0407872 -0.503815 0.889343 0.457221 0.00431832 -1.19529 -0.0224864 0.0343017 0.999159 0.771283
0.455708 -0.889194 0.0407977 -0.470374 0.889922 0.456112 0.000681449 -1.14521 -0.0192143 0.0359962 0.999167 0.766861
0.455186 -0.88965 0.0364417 -0.445333 0.8903 0.455359 -0.00390185 -1.06265 -0.0131228 0.0342201 0.999328 0.751116
0.456229 -0.889268 0.0325122 -0.411197 0.88983 0.456218 -0.00819637 -0.944929 -0.00754386 0.0326697 0.999438 0.75074
0.454498 -0.890414 0.0243851 -0.355709 0.890718 0.454537 -0.00427557 -0.77207 -0.00727688 0.0236635 0.999693 0.745341
0.452848 -0.891319 0.0219056 -0.274749 0.891536 0.452949 -0.000362361 -0.591367 -0.00959915 0.0196937 0.99976 0.757974
0.451407 -0.891982 0.0244888 -0.220028 0.89224 0.451561 0.00084035 -0.483943 -0.0118078 0.0214706 0.9997 0.756431
0.449858 -0.892718 0.0261292 -0.212869 0.893021 0.450015 0.000145541 -0.402876 -0.0118885 0.0232684 0.999659 0.755645
0.448512 -0.89342 0.0252602 -0.256704 0.893697 0.448671 0.000678323 -0.403711 -0.0119395 0.0222708 0.999681 0.756866
0.44723 -0.89407 0.0249823 -0.315118 0.894338 0.44739 0.000950284 -0.445896 -0.0120265 0.0219176 0.999687 0.761164
0.445934 -0.894732 0.0244547 -0.37905 0.894978 0.446107 0.00181115 -0.500489 -0.0125299 0.0210788 0.999699 0.764936
0.444883 -0.895338 0.0211838 -0.442163 0.895484 0.445068 0.00478308 -0.563945 -0.0137107 0.0168418 0.999764 0.770098
0.443848 -0.895907 0.0186802 -0.504167 0.895954 0.444057 0.00894915 -0.610947 -0.0163127 0.0127645 0.999785 0.768095
0.442647 -0.896489 0.0192769 -0.547924 0.89648 0.44291 0.0124074 -0.635914 -0.019661 0.0117893 0.999737 0.758907
0.441083 -0.897219 0.0210646 -0.595706 0.897189 0.441408 0.0144883 -0.665706 -0.0222973 0.0125084 0.999673 0.752049
0.439886 -0.89777 0.0225689 -0.630359 0.89783 0.440199 0.0112699 -0.692482 -0.0200525 0.0153055 0.999682 0.752954
0.438832 -0.898292 0.0223277 -0.663415 0.898473 0.439013 0.00372701 -0.688309 -0.0131501 0.0184253 0.999744 0.742853
0.438116 -0.898754 0.0172153 -0.683401 0.898895 0.438162 -0.00121678 -0.683824 -0.00644951 0.0160079 0.999851 0.739397
0.438004 -0.898884 0.0126289 -0.667362 0.898963 0.438023 -0.00141068 -0.60921 -0.00426371 0.0119708 0.999919 0.739418
0.437817 -0.898999 0.0108051 -0.648316 0.899036 0.437866 0.0025782 -0.504708 -0.00704897 0.00858536 0.999938 0.748053
0.436266 -0.899717 0.0134986 -0.617396 0.899765 0.436354 0.00431889 -0.375608 -0.00977593 0.0102614 0.9999 0.756817
0.435169 -0.900186 0.0170896 -0.608643 0.90031 0.435249 0.00106345 -0.295863 -0.00839551 0.0149231 0.999853 0.763013
0.435181 -0.900095 0.0211235 -0.598587 0.900336 0.435148 -0.00635847 -0.283369 -0.00346862 0.0217853 0.999757 0.774825
0.43559 -0.899925 0.0198939 -0.610308 0.900145 0.435465 -0.0104798 -0.286658 0.000767913 0.0224723 0.999747 0.7837
0.438614 -0.89853 0.0161694 -0.641372 0.898675 0.438518 -0.00926702 -0.304297 0.00123612 0.0185957 0.999826 0.790044
0.441969 -0.896938 0.0128617 -0.673856 0.89703 0.441929 -0.00596465 -0.36255 -0.000334033 0.0141735 0.9999 0.784668
0.446207 -0.894825 0.0137077 -0.717016 0.894925 0.446202 -0.00355305 -0.420924 -0.00293705 0.0138528 0.9999 0.795737
0.450833 -0.892425 0.0180691 -0.737991 0.892585 0.450876 -0.00187221 -0.48316 -0.00647611 0.0169723 0.999835 0.803653
0.457414 -0.888945 0.0234474 -0.763238 0.889193 0.457533 -0.000350411 -0.559943 -0.0104165 0.0210095 0.999725 0.814893
0.466383 -0.884199 0.0260598 -0.777489 0.884489 0.46656 0.000769318 -0.62855 -0.0128387 0.0226908 0.99966 0.818067
0.479697 -0.87716 0.0219241 -0.809426 0.877339 0.479864 0.00277553 -0.684886 -0.0129552 0.0179035 0.999756 0.815513
0.495338 -0.868503 0.0185446 -0.842432 0.868595 0.495497 0.00499543 -0.737581 -0.0135274 0.0136334 0.999816 0.809
0.512689 -0.858396 0.0174792 -0.854555 0.85846 0.512847 0.00588235 -0.84449 -0.0140136 0.0119894 0.99983 0.80545
0.532825 -0.845985 0.0201776 -0.857952 0.846069 0.533034 0.00653217 -0.965907 -0.0162814 0.0135911 0.999775 0.811413
0.554838 -0.831645 0.0228255 -0.82741 0.831734 0.555117 0.00801088 -1.05553 -0.019333 0.01454 0.999707 0.813922
0.577767 -0.81587 0.0232683 -0.815437 0.815916 0.578084 0.00996647 -1.18735 -0.0215824 0.0132267 0.99968 0.808896
0.603262 -0.797208 0.0231002 -0.807841 0.79722 0.603589 0.0109906 -1.33799 -0.0227048 0.0117857 0.999673 0.80938
0.631562 -0.775002 0.0223896 -0.807331 0.774968 0.631884 0.0121383 -1.43684 -0.0235548 0.00968514 0.999676 0.80205
0.664203 -0.747206 0.022745 -0.761645 0.747152 0.664536 0.0125158 -1.57459 -0.0244667 0.0086809 0.999663 0.796779
0.698339 -0.715482 0.0202195 -0.741363 0.715383 0.698611 0.013055 -1.70151 -0.0234662 0.00534789 0.99971 0.800088
0.732527 -0.680506 0.0177751 -0.705677 0.680402 0.732736 0.0122802 -1.88587 -0.0213812 0.00309861 0.999767 0.795449
0.765856 -0.642797 0.0166337 -0.677911 0.64271 0.766033 0.0108487 -2.02089 -0.0197155 0.0023821 0.999803 0.790142
0.795631 -0.605534 0.0173085 -0.635961 0.605446 0.795816 0.0105518 -2.11305 -0.0201639 0.00208403 0.999795 0.777046
0.824601 -0.565397 0.0189472 -0.602326 0.565322 0.824814 0.00964778 -2.23438 -0.0210827 0.00275569 0.999774 0.762607
0.852308 -0.522662 0.0198827 -0.569661 0.522614 0.852532 0.00795511 -2.38714 -0.0211085 0.00361079 0.999771 0.759423
0.879974 -0.474529 0.021639 -0.518405 0.474494 0.880231 0.00705233 -2.51466 -0.0223939 0.00406173 0.999741 0.751988
0.907777 -0.41872 0.0247854 -0.39061 0.418667 0.908108 0.00755544 -2.63299 -0.0256715 0.0035182 0.999664 0.745582
0.933792 -0.356699 0.02824 -0.214587 0.356563 0.934219 0.00988494 -2.73758 -0.0299083 0.000838888 0.999552 0.724062
0.955008 -0.294961 0.0309589 0.026906 0.294751 0.955508 0.0112385 -2.78577 -0.0328964 -0.00160764 0.999457 0.708478
0.971571 -0.234481 0.0326925 0.341641 0.234238 0.972116 0.0111182 -2.78607 -0.0343879 -0.00314424 0.999404 0.697698
0.983769 -0.176412 0.0328137 0.732592 0.176233 0.984314 0.00829574 -2.745 -0.0337624 -0.00237825 0.999427 0.704892
0.991972 -0.122392 0.0317993 1.18556 0.1223 0.992481 0.00482212 -2.64757 -0.0321504 -0.000894357 0.999483 0.710419
0.996856 -0.0732829 0.0301394 1.61681 0.0730815 0.997296 0.00772819 -2.5106 -0.0306243 -0.00550125 0.999516 0.670948
0.999332 -0.0229187 0.0284633 2.01396 0.0226744 0.999704 0.00887748 -2.47739 -0.0286583 -0.00822616 0.999555 0.671965
0.999347 0.0250405 0.0260583 2.36441 -0.0251282 0.99968 0.00303905 -2.54997 -0.0259738 -0.00369186 0.999656 0.656456
0.997378 0.0674062 0.0263479 2.74292 -0.0670949 0.997668 -0.0125278 -2.62688 -0.0271309 0.0107271 0.999574 0.732232
0.993638 0.109017 0.0282776 3.11495 -0.108403 0.993854 -0.0224178 -2.70555 -0.0305477 0.0192098 0.999349 0.707997
0.989029 0.14399 0.0329835 3.46471 -0.14375 0.989568 -0.00954918 -2.74476 -0.0340144 0.00470306 0.99941 0.60394
0.983363 0.17838 0.0343213 3.8128 -0.178481 0.983943 -0.00013673 -2.80086 -0.0337946 -0.00599124 0.999411 0.598508
0.978702 0.204055 0.0224608 4.20794 -0.204073 0.978954 -0.00150251 -2.88217 -0.0222947 -0.00311313 0.999747 0.677029
0.973229 0.22915 0.0177835 4.60782 -0.229167 0.973386 -0.00111123 -2.98462 -0.0175648 -0.0029939 0.999841 0.661338
0.470459 -0.882287 0.0154489 0.674743 0.882411 0.47047 -0.00315605 0.560719 -0.00448371 0.0151171 0.999876 0.791167
0.469836 -0.882617 0.0155181 0.723623 0.882742 0.46985 -0.00296904 0.647955 -0.00467067 0.0150935 0.999875 0.790941
0.467879 -0.883635 0.0166973 0.777232 0.883783 0.46788 -0.00408309 0.730469 -0.00420435 0.0166671 0.999852 0.791641
0.466791 -0.884191 0.0176909 0.798772 0.884353 0.466804 -0.00363301 0.801146 -0.00504592 0.0173409 0.999837 0.795195
0.466547 -0.884311 0.0181087 0.81957 0.884461 0.466614 -0.000589316 0.887806 -0.00792865 0.0162914 0.999836 0.796577
0.468308 -0.883366 0.018734 0.822915 0.883489 0.468441 0.00318916 0.903488 -0.011593 0.0150578 0.999819 0.797865
0.469857 -0.882523 0.0196804 0.866349 0.882632 0.470034 0.0053743 1.00102 -0.0139934 0.0148454 0.999792 0.798499
0.471042 -0.881891 0.0197126 0.864192 0.881981 0.471238 0.00661452 1.01204 -0.0151226 0.0142704 0.999784 0.794162
0.472041 -0.881295 0.0222893 0.860982 0.88148 0.472212 0.00284947 1.02153 -0.0130365 0.0183025 0.999748 0.781555
0.472925 -0.880839 0.021574 0.871122 0.88106 0.473 -0.00178277 1.02003 -0.00863418 0.0198511 0.999766 0.772548
0.475452 -0.879556 0.0180409 0.857436 0.879729 0.475456 -0.00438712 0.976833 -0.00471891 0.017957 0.999828 0.77586
0.476569 -0.879005 0.0152462 0.829329 0.879126 0.476577 -0.00331725 0.881327 -0.00435013 0.0149843 0.999878 0.781814
0.47601 -0.87926 0.0177824 0.724805 0.879408 0.476067 -0.00112091 0.721899 -0.00748003 0.0161715 0.999841 0.780266
0.475502 -0.879453 0.0214341 0.604049 0.87964 0.475637 0.00137862 0.492247 -0.0114073 0.0181988 0.999769 0.779578
0.474086 -0.87988 0.0324736 0.485686 0.880411 0.474184 -0.00510758 0.249076 -0.0109044 0.0310115 0.99946 0.779312
0.471791 -0.880966 0.0362118 0.412349 0.881666 0.471781 -0.00936246 0.0946694 -0.00883606 0.0363439 0.9993 0.772823
0.469988 -0.882093 0.0320039 0.329859 0.882661 0.469864 -0.0117487 -0.0777273 -0.00467398 0.0337703 0.999419 0.766435
0.468313 -0.883086 0.0290193 0.280316 0.88356 0.468131 -0.0132104 -0.19572 -0.00191889 0.0318269 0.999492 0.75529
0.46807 -0.883272 0.0272327 0.183471 0.883688 0.467937 -0.0114506 -0.319794 -0.00262922 0.0294249 0.999564 0.767551
0.468008 -0.883269 0.0283753 0.0880851 0.883709 0.467945 -0.00923114 -0.481298 -0.00512449 0.0293957 0.999555 0.769461
0.467374 -0.883548 0.030082 -0.00481522 0.884033 0.467354 -0.00813866 -0.63901 -0.00686804 0.0303973 0.999514 0.774973
0.466274 -0.884056 0.0321455 -0.0724677 0.884597 0.466305 -0.00696658 -0.79682 -0.00883075 0.0316841 0.999459 0.770007
0.465294 -0.884629 0.0305601 -0.184683 0.885074 0.465443 -0.00244641 -0.99832 -0.0120598 0.0281863 0.99953 0.796355
0.464845 -0.884876 0.0302327 -0.273203 0.885262 0.46509 0.00124273 -1.11695 -0.0151606 0.0261862 0.999542 0.776515
0.463963 -0.885366 0.0294202 -0.309202 0.885729 0.464201 0.00143932 -1.17805 -0.0149312 0.0253905 0.999566 0.773629
0.46344 -0.885614 0.030199 -0.311456 0.886006 0.463673 0.000812742 -1.19416 -0.0147222 0.0263798 0.999544 0.772193
0.464202 -0.88525 0.029138 -0.316367 0.885641 0.464369 -0.00115215 -1.15926 -0.0125109 0.0263407 0.999575 0.761956
0.464458 -0.885145 0.0282173 -0.286003 0.885521 0.464595 -0.00189535 -1.08805 -0.0114319 0.0258673 0.9996 0.759351
0.462929 -0.885903 0.0295433 -0.237842 0.886319 0.463069 -0.00234836 -0.970517 -0.0116001 0.0272719 0.999561 0.761419
0.461552 -0.886599 0.0301905 -0.181385 0.88702 0.46173 -0.0012114 -0.856133 -0.0128658 0.0273387 0.999543 0.756726
0.46113 -0.886855 0.0291227 -0.102315 0.887259 0.461265 -0.00230459 -0.719185 -0.0113894 0.0269021 0.999573 0.760671
0.461154 -0.887019 0.023109 -0.0794092 0.887292 0.46119 -0.00406712 -0.664724 -0.00705002 0.02238 0.999725 0.760503
0.461098 -0.887118 0.0202653 -0.0909703 0.887338 0.461088 -0.00543876 -0.628618 -0.00451927 0.02049 0.99978 0.766297
0.460351 -0.887492 0.0208543 -0.101162 0.887706 0.460404 -0.00248182 -0.634694 -0.0073988 0.019655 0.999779 0.770122
0.459506 -0.887806 0.0255871 -0.154196 0.88811 0.459629 -0.00118594 -0.701108 -0.0107077 0.0232691 0.999672 0.785341
0.459605 -0.887621 0.0298744 -0.22025 0.888044 0.459755 -0.00206866 -0.791647 -0.0118987 0.0274805 0.999552 0.774707
0.460578 -0.887012 0.0328467 -0.313406 0.88755 0.460688 -0.00456981 -0.928309 -0.0110786 0.0312579 0.99945 0.774211
0.46095 -0.886789 0.0336325 -0.382171 0.88737 0.461016 -0.00623373 -1.0599 -0.00997713 0.032718 0.999415 0.7792
