0.477284 -0.878556 0.0184031 0.681433 0.878745 0.477243 -0.00686302 0.552625 -0.00275319 0.0194472 0.999807 0.791128
0.47524 -0.879761 0.0129826 1.52047 0.879856 0.475202 -0.00601527 2.13696 -0.000877357 0.0142815 0.999898 0.794463
0.47217 -0.881391 0.0143481 2.36205 0.881501 0.472166 -0.00388336 3.73992 -0.00335191 0.0144814 0.99989 0.807531
0.469805 -0.882639 0.0152238 3.22234 0.882766 0.469788 -0.00490928 5.35778 -0.00281883 0.0157454 0.999872 0.816553
0.468449 -0.883347 0.0159354 4.08258 0.883481 0.46845 -0.0038918 7.00258 -0.00402712 0.0159017 0.999865 0.827233
0.468751 -0.883168 0.0169523 4.94857 0.883265 0.468863 0.00316788 8.6589 -0.0107461 0.0134884 0.999851 0.832327
0.471231 -0.881727 0.0223467 5.82932 0.881887 0.471437 0.00472546 10.3315 -0.0147016 0.0174805 0.999739 0.826742
0.473753 -0.880424 0.0202791 6.71547 0.880617 0.473828 -0.00123849 12.0209 -0.0085184 0.0184448 0.999794 0.814687
0.475371 -0.879626 0.0167505 7.62198 0.879763 0.475409 -0.00192145 13.7185 -0.00627316 0.0156498 0.999858 0.812953
0.474628 -0.879792 0.0263638 8.54835 0.880068 0.474842 0.00217169 15.4317 -0.0144293 0.0221712 0.99965 0.810161
0.472271 -0.880644 0.0377739 9.478 0.881384 0.472339 -0.00766241 17.1441 -0.0110942 0.036912 0.999257 0.805532
0.469405 -0.882453 0.0305823 10.4108 0.882961 0.469354 -0.00924842 18.9146 -0.00619264 0.0313442 0.999489 0.800456
0.467357 -0.883587 0.0291743 11.3351 0.884009 0.467454 -0.00384166 20.6838 -0.0102432 0.0275858 0.999567 0.802683
0.464773 -0.885211 0.0197016 12.2664 0.88533 0.46494 0.00467593 22.4909 -0.0132992 0.0152691 0.999795 0.80842
0.465342 -0.884891 0.0206107 13.2141 0.884915 0.465617 0.0112577 24.3111 -0.0195585 0.0130001 0.999724 0.796414
0.464565 -0.885317 0.0198116 14.1315 0.885367 0.4648 0.0093105 26.0704 -0.0174512 0.0132152 0.99976 0.782711
0.464169 -0.88563 0.014349 14.9766 0.885613 0.46432 0.00987086 27.7998 -0.0154045 0.0081259 0.999848 0.752668
0.463066 -0.886202 0.0146915 15.9306 0.886139 0.463244 0.0127476 29.5657 -0.0181027 0.00711571 0.999811 0.738879
0.461548 -0.886951 0.0170753 16.8023 0.887037 0.461678 0.00438847 31.3141 -0.0117756 0.0131209 0.999845 0.717603
0.461072 -0.887333 0.00730772 17.7369 0.887271 0.461127 0.0105992 33.0582 -0.0127748 0.00159695 0.999917 0.740906
0.461045 -0.887205 0.0174657 18.6113 0.88721 0.461251 0.0103224 34.8056 -0.0172142 0.0107367 0.999794 0.720303
0.460892 -0.887215 0.0206925 19.5215 0.887323 0.461101 0.00654805 36.4869 -0.0153509 0.015343 0.999764 0.70738
0.459439 -0.888008 0.0189198 20.3821 0.888004 0.459686 0.0117036 38.2225 -0.0190901 0.0114238 0.999753 0.712414
0.45789 -0.888574 0.0277932 21.2962 0.888598 0.458405 0.0160722 39.933 -0.0270218 0.0173377 0.999485 0.694788
0.454946 -0.890188 0.024275 22.1151 0.890344 0.455228 0.00742236 41.6207 -0.017658 0.0182363 0.999678 0.646251
0.453445 -0.891218 0.0108652 22.931 0.891192 0.45354 0.00889967 43.1886 -0.0128593 0.00564745 0.999901 0.625795
0.451811 -0.892064 0.00946135 23.7302 0.891973 0.451903 0.0129765 44.827 -0.0158515 0.00257634 0.999871 0.639733
0.448448 -0.89376 0.00929965 24.5105 0.893659 0.448539 0.0136378 46.3654 -0.0163602 0.00219485 0.999864 0.643436
0.446003 -0.89501 0.00624988 25.2341 0.894871 0.446044 0.0158127 47.8406 -0.0169402 -0.00145967 0.999855 0.67155
0.444576 -0.895701 0.00853312 25.932 0.895502 0.444657 0.018879 49.3098 -0.0207042 -0.000751702 0.999785 0.655373
0.441495 -0.897243 0.00604258 26.6486 0.896861 0.441488 0.0270069 50.7204 -0.0268995 -0.00650405 0.999617 0.628968
0.439076 -0.898428 0.00620732 27.5652 0.898383 0.439117 0.0091111 52.686 -0.0109114 0.00157609 0.999939 0.598894
0.436118 -0.899885 0.00289684 28.442 0.899776 0.436112 0.0145005 54.5273 -0.0143122 -0.00371744 0.999891 0.632447
0.436006 -0.899887 0.0100854 29.2762 0.899937 0.43602 -0.000944443 56.1575 -0.00354754 0.009488 0.999949 0.623074
0.447046 -0.894511 -0.000216028 30.0155 0.894484 0.44703 0.00791416 57.7043 -0.00698273 -0.00373122 0.999969 0.656774
0.468108 -0.883596 0.0115609 30.7502 0.883523 0.468229 0.0121695 59.1066 -0.0161661 0.00451772 0.999859 0.710921
0.516122 -0.856511 0.00251623 31.5045 0.856341 0.516074 0.0186617 60.4052 -0.0172825 -0.00747696 0.999823 0.708772
0.626917 -0.779046 0.00792519 32.5751 0.778769 0.626919 0.0221709 61.7975 -0.0222406 -0.00772743 0.999723 0.728723
0.761495 -0.648133 0.00697039 33.874 0.647897 0.761442 0.0208542 62.8812 -0.0188239 -0.0113643 0.999758 0.693665
0.900699 -0.43442 0.00450439 35.211 0.434281 0.900599 0.0179253 63.6675 -0.0118438 -0.0141891 0.999829 0.663437
0.990801 -0.135067 0.00843736 36.9881 0.134915 0.99072 0.0165056 64.0147 -0.0105884 -0.0152154 0.999828 0.685805
0.984939 0.172881 0.00260807 39.2039 -0.172889 0.984936 0.00320513 63.8148 -0.00201468 -0.00360777 0.999992 0.722966
0.9445 0.32851 0.000484858 41.0587 -0.328477 0.944385 0.0154977 63.3199 0.00463327 -0.0147969 0.99988 0.734838
0.913598 0.40627 -0.0168129 42.5955 -0.406145 0.913749 0.0104173 62.5911 0.019595 -0.00268871 0.999804 0.77339
0.887903 0.459967 -0.00765423 44.3153 -0.459933 0.887934 0.00584326 61.6771 0.00948416 -0.00166781 0.999954 0.798612
0.875785 0.482553 -0.0119811 45.6985 -0.482586 0.875849 0.000135459 60.8783 0.010559 0.00566327 0.999928 0.794221
0.867871 0.496612 -0.013289 47.2145 -0.496653 0.867949 0.000294202 60.0002 0.0116802 0.00634467 0.999912 0.800475
0.86403 0.503292 -0.0121778 48.9074 -0.50333 0.864094 -4.34099e-05 59.0385 0.0105009 0.00616694 0.999926 0.827881
0.864769 0.50185 -0.0179394 50.6519 -0.502008 0.864845 -0.00552037 57.9691 0.0127444 0.0137796 0.999824 0.872505
0.869579 0.493504 -0.0169306 51.9357 -0.493627 0.869665 -0.00382742 57.2412 0.0128351 0.0116856 0.999849 0.862294
0.87407 0.485553 -0.0154705 53.3281 -0.485642 0.874154 -0.00242421 56.4782 0.0123466 0.00963208 0.999877 0.874988
0.877309 0.479765 -0.0124476 54.7169 -0.479844 0.877344 -0.00422363 55.7326 0.00889445 0.00967831 0.999914 0.8934
0.880615 0.473605 -0.0146763 56.1202 -0.473655 0.880711 7.12387e-05 54.9818 0.0129593 0.00688876 0.999892 0.931231
0.881716 0.471439 -0.0179572 57.5772 -0.471411 0.881893 0.00602385 54.2535 0.0186762 0.0031539 0.999821 0.982152
0.881236 0.472537 -0.011462 59.1002 -0.472365 0.881277 0.0149096 53.4262 0.0171465 -0.00772464 0.999823 1.01475
0.881569 0.471965 -0.00917049 60.4784 -0.471791 0.88156 0.0162598 52.7068 0.0157584 -0.0100076 0.999826 1.04749
0.881825 0.471458 -0.0106009 61.9566 -0.471255 0.881831 0.0171218 51.9598 0.0174204 -0.0101028 0.999797 1.11088
0.880117 0.474654 -0.00993687 63.4329 -0.474414 0.880083 0.0196141 51.1858 0.0180552 -0.0125485 0.999758 1.13056
0.876366 0.481645 0.000914289 64.8785 -0.481424 0.875904 0.0319775 50.4041 0.014601 -0.0284641 0.999488 1.19036
0.870034 0.492983 0.00275802 66.278 -0.492864 0.86967 0.0275418 49.6339 0.0111791 -0.0253216 0.999617 1.21962
0.860044 0.510218 0.00125312 67.6781 -0.51005 0.859692 0.0278834 48.8288 0.0131493 -0.0246201 0.99961 1.29009
0.849504 0.527576 0.00240633 69.0641 -0.527455 0.849192 0.0257615 48.0331 0.0115477 -0.0231537 0.999665 1.32127
0.837322 0.5467 0.00324098 70.4073 -0.546591 0.837002 0.0258084 47.1299 0.0113967 -0.0233814 0.999662 1.36481
0.8249 0.565252 0.00560073 71.691 -0.56513 0.824414 0.0311283 46.2847 0.012978 -0.0288429 0.9995 1.41334
0.812837 0.582491 0.000655461 72.9681 -0.582268 0.812494 0.0285885 45.4032 0.01612 -0.0236194 0.999591 1.47587
0.800904 0.598792 -0.000781439 74.1423 -0.598556 0.800624 0.0270493 44.5178 0.0168225 -0.0211962 0.999634 1.52739
0.791419 0.611274 0.000526123 75.3374 -0.611069 0.791132 0.0265502 43.6017 0.0158132 -0.0213338 0.999647 1.54305
0.785604 0.61873 -0.000325814 76.4971 -0.618607 0.785457 0.0195751 42.6941 0.0123676 -0.0151767 0.999808 1.59757
0.782194 0.62303 -0.00253863 78.1078 -0.622955 0.782152 0.0128632 41.4161 0.00999974 -0.00848004 0.999914 1.64566
0.787531 0.616247 -0.00584152 79.628 -0.616111 0.787504 0.0156269 40.2316 0.0142302 -0.00870763 0.999861 1.66888
0.807707 0.589555 -0.00596122 81.0095 -0.589387 0.807656 0.0177201 39.1805 0.0152616 -0.0107991 0.999825 1.73913
0.839968 0.542478 -0.0131235 82.3837 -0.54221 0.840021 0.0193168 38.3327 0.0215029 -0.00910981 0.999727 1.75754
0.887717 0.460249 -0.0113477 83.7503 -0.459917 0.887653 0.0234187 37.6836 0.0208513 -0.0155702 0.999661 1.83841
0.957245 0.289276 0.00113156 85.6361 -0.289207 0.956916 0.0258902 37.096 0.00640661 -0.0251105 0.999664 1.90028
0.999518 -0.0283044 -0.0127809 87.9533 0.0285361 0.999425 0.0183266 37.1679 0.0122548 -0.0186825 0.99975 1.94139
0.953055 -0.302485 -0.0137518 89.8245 0.302706 0.9529 0.018746 37.6529 0.00743376 -0.0220287 0.99973 1.94693
0.846569 -0.53227 0.0031024 91.4633 0.532007 0.846308 0.0270309 38.5323 -0.0170133 -0.0212331 0.99963 1.9401
0.74581 -0.66615 -0.00324699 92.8632 0.665736 0.745156 0.0392195 39.734 -0.0237066 -0.031412 0.999225 1.88582
0.711049 -0.70313 -0.00430918 93.8968 0.702776 0.710466 0.0366654 40.7055 -0.022719 -0.0290993 0.999318 1.91694
0.7 -0.71386 -0.0201283 94.9988 0.713884 0.698708 0.0466504 41.7924 -0.019238 -0.0470245 0.998708 1.8646
0.707123 -0.70655 -0.0276427 96.1239 0.707036 0.706042 0.0400632 43.0104 -0.00878974 -0.047874 0.998815 1.87927
0.718941 -0.69416 -0.0355713 97.383 0.695047 0.717551 0.0450628 44.2497 -0.0057566 -0.0571213 0.998351 1.82348
0.726329 -0.686981 -0.0224363 98.7875 0.687149 0.724948 0.0477222 45.637 -0.0165191 -0.0500791 0.998609 1.81565
0.730707 -0.682426 -0.0190472 100.267 0.682616 0.729927 0.035255 46.9783 -0.0101559 -0.038763 0.999197 1.79466
0.725735 -0.687008 -0.0364391 101.789 0.687973 0.724608 0.0404626 48.3906 -0.00139413 -0.0544343 0.998516 1.78088
0.722105 -0.691379 -0.0236563 102.848 0.691667 0.720937 0.0429753 49.459 -0.0126575 -0.047395 0.998796 1.80069
0.719306 -0.694165 -0.0270869 103.921 0.694627 0.718156 0.0417758 50.5039 -0.00954669 -0.0488649 0.99876 1.77854
0.716338 -0.69695 -0.0334774 105.012 0.69775 0.715347 0.0377277 51.5971 -0.00234641 -0.0503846 0.998727 1.82107
0.710369 -0.703115 -0.0317174 106.169 0.703814 0.709336 0.0385749 52.6823 -0.00462428 -0.0497256 0.998752 1.8188
0.706225 -0.707235 -0.0326391 107.353 0.707938 0.704877 0.0444062 53.8372 -0.00839907 -0.0544672 0.99848 1.77817
0.70695 -0.70671 -0.0279889 108.477 0.707173 0.70567 0.0439995 55.0127 -0.0113439 -0.0508984 0.998639 1.7679
0.707268 -0.706145 -0.0336394 109.666 0.706897 0.705859 0.0453863 56.1861 -0.00830461 -0.0558798 0.998403 1.76769
0.709736 -0.702964 -0.046003 110.852 0.704429 0.707498 0.056792 57.3983 -0.00737569 -0.0727131 0.997326 1.77747
0.713424 -0.699157 -0.0469604 112.063 0.700688 0.711022 0.0590256 58.6205 -0.00787831 -0.0750149 0.997151 1.74693
0.715883 -0.696859 -0.0435801 113.291 0.6982 0.713994 0.0522445 59.8309 -0.00529109 -0.0678286 0.997683 1.75982
0.716315 -0.696733 -0.038146 114.549 0.697767 0.714942 0.0444984 61.0462 -0.00373136 -0.0584919 0.998281 1.79907
0.716829 -0.695988 -0.0419193 115.758 0.697184 0.714647 0.0566922 62.2915 -0.00949962 -0.0698641 0.997511 1.80502
0.718914 -0.694047 -0.0382352 116.999 0.695033 0.717 0.0532893 63.4845 -0.0095706 -0.0648852 0.997847 1.77518
0.717788 -0.694628 -0.047662 118.158 0.696192 0.717002 0.0350095 64.659 0.00985513 -0.0583113 0.99825 1.81483
0.717178 -0.696044 -0.0343394 119.351 0.696809 0.715474 0.0505333 65.8255 -0.0106044 -0.0601694 0.998132 1.82594
0.715077 -0.698775 -0.0194721 120.598 0.69851 0.71316 0.0590393 67.0133 -0.0273685 -0.055819 0.998066 1.7971
0.713006 -0.699917 -0.0417001 121.724 0.701156 0.7116 0.0447811 68.1388 -0.00166927 -0.0611674 0.998126 1.78212
0.710634 -0.702279 -0.0424631 122.961 0.703558 0.709133 0.0462218 69.3366 -0.00234854 -0.062722 0.998028 1.80685
0.70569 -0.707465 -0.0386595 124.109 0.708519 0.704525 0.0405596 70.5077 -0.00145796 -0.0560135 0.998429 1.81821
0.700904 -0.711861 -0.0445744 125.215 0.713255 0.699477 0.0447042 71.6625 -0.000644388 -0.0631263 0.998005 1.834
0.698869 -0.713974 -0.0427111 126.38 0.715227 0.697118 0.0497687 72.8996 -0.00575886 -0.0653299 0.997847 1.85722
0.69562 -0.717111 -0.0431744 127.536 0.718408 0.694234 0.0439267 74.0564 -0.0015272 -0.0615732 0.998101 1.88032
0.687592 -0.72487 -0.0422092 128.604 0.726096 0.686546 0.0379305 75.2244 0.00148386 -0.0567286 0.998389 1.88504
0.678375 -0.733986 -0.0327485 129.71 0.734619 0.67689 0.0464075 76.3876 -0.0118953 -0.0555393 0.998386 1.86405
0.672323 -0.739778 -0.026649 130.822 0.739848 0.670318 0.0574254 77.6158 -0.0246188 -0.0583246 0.997994 1.8597
0.664028 -0.746967 -0.0332621 131.869 0.747598 0.662511 0.0466519 78.8071 -0.0128109 -0.0558448 0.998357 1.85491
0.654248 -0.75548 -0.0347773 132.937 0.75627 0.653311 0.0352153 80.0391 -0.00388407 -0.0493406 0.998774 1.86606
0.642208 -0.765643 -0.0368745 133.968 0.766489 0.640927 0.0413145 81.2974 -0.0079983 -0.0547964 0.998466 1.86055
0.628989 -0.776136 -0.0445672 135.017 0.777414 0.627918 0.0367004 82.5598 -0.000499983 -0.0577314 0.998332 1.89612
0.616197 -0.786531 -0.0408779 136.023 0.787554 0.614829 0.0417478 83.882 -0.00770302 -0.0579184 0.998292 1.88052
0.603763 -0.796281 -0.0375037 137.018 0.796947 0.601833 0.0516837 85.2303 -0.0185838 -0.0610932 0.997959 1.89347
0.594299 -0.803301 -0.0389295 138.045 0.80403 0.592329 0.0517888 86.5807 -0.0185429 -0.0620786 0.997899 1.89741
0.58733 -0.807714 -0.0513883 138.94 0.809301 0.585428 0.0480208 87.9226 -0.00870293 -0.0697927 0.997524 1.88085
0.582239 -0.810949 -0.0579621 139.847 0.812987 0.58012 0.05012 89.2401 -0.0070198 -0.0763043 0.99706 1.88875
0.577922 -0.814542 -0.0502703 140.851 0.815674 0.574558 0.06752 90.6862 -0.0261147 -0.0800255 0.996451 1.89757
0.569723 -0.820465 -0.0474685 141.742 0.82164 0.567372 0.0547325 91.9425 -0.0179738 -0.0701844 0.997372 1.8482
0.557973 -0.828467 -0.0480426 142.713 0.829804 0.556337 0.0437463 93.3465 -0.00951448 -0.0642752 0.997887 1.85549
0.545622 -0.837183 -0.0377054 143.6 0.837776 0.543791 0.0492147 94.7733 -0.0206978 -0.0584413 0.998076 1.85502
0.536799 -0.843485 -0.0195223 144.513 0.8433 0.535672 0.0436071 96.1142 -0.0263244 -0.0398714 0.998858 1.86008
0.525276 -0.850742 -0.0179699 145.41 0.850834 0.52478 0.0262089 97.507 -0.0128668 -0.0290564 0.999495 1.81892
0.513353 -0.857779 -0.0261428 146.287 0.858093 0.512635 0.02971 98.9404 -0.0120829 -0.0376847 0.999217 1.80211
0.504294 -0.863276 -0.0210502 147.144 0.863 0.502978 0.0473657 100.462 -0.0303019 -0.0420526 0.998656 1.80848
0.499819 -0.865946 -0.0178355 147.951 0.865831 0.499 0.0365402 101.884 -0.0227419 -0.033706 0.999173 1.76165
0.495278 -0.868065 -0.0340945 148.736 0.868679 0.494422 0.0307136 103.314 -0.00980432 -0.044829 0.998947 1.72424
0.49204 -0.870033 -0.0306569 149.567 0.870383 0.490892 0.0381922 104.856 -0.0181792 -0.0454753 0.9988 1.75048
0.491471 -0.870617 -0.0219376 150.375 0.870556 0.490423 0.0402217 106.319 -0.024259 -0.0388657 0.99895 1.72436
0.487372 -0.872864 -0.0240157 151.181 0.873155 0.486903 0.0229348 107.78 -0.00832564 -0.0321472 0.999448 1.65851
0.483845 -0.874537 -0.0328562 152.01 0.87513 0.483215 0.0255082 109.33 -0.00643121 -0.0410955 0.999135 1.67334
0.482394 -0.875539 -0.0269565 152.843 0.875734 0.481355 0.0372478 110.867 -0.0196363 -0.0415749 0.998942 1.66888
0.481491 -0.876223 -0.0199907 153.627 0.87639 0.481063 0.0227748 112.362 -0.010339 -0.0284855 0.999541 1.66668
0.480641 -0.876536 -0.0258608 154.385 0.876856 0.48005 0.0259771 113.815 -0.0103554 -0.0351618 0.999328 1.68121
0.48002 -0.876765 -0.0293901 155.214 0.877065 0.478943 0.0370188 115.322 -0.0183806 -0.0435468 0.998882 1.68011
0.479971 -0.877019 -0.0215758 155.992 0.877183 0.479397 0.026978 116.76 -0.0133169 -0.0318746 0.999403 1.68186
0.476571 -0.878491 -0.0336689 156.695 0.879082 0.475767 0.0293556 118.198 -0.00977006 -0.0435878 0.999002 1.65816
0.474317 -0.87981 -0.0309459 157.435 0.879923 0.472692 0.0479347 119.532 -0.0275455 -0.0499663 0.998371 1.62441
0.472306 -0.881357 -0.0117009 158.198 0.881076 0.471694 0.0347762 120.947 -0.025131 -0.0267344 0.999327 1.66983
0.474333 -0.88014 -0.0190357 158.927 0.880249 0.473849 0.025079 122.231 -0.0130529 -0.028652 0.999504 1.65704
0.480864 -0.876499 -0.0227954 159.906 0.876786 0.480578 0.0170531 124.044 -0.00399203 -0.0281869 0.999595 1.67426
0.495815 -0.868175 -0.0209488 160.85 0.868139 0.494884 0.037748 125.81 -0.0224046 -0.0369025 0.999068 1.66117
0.514335 -0.857165 -0.0269815 161.809 0.857584 0.513962 0.0198279 127.523 -0.00312832 -0.0333371 0.999439 1.67069
0.53181 -0.846234 -0.0326603 162.811 0.846856 0.531242 0.0248251 129.176 -0.00365731 -0.0408607 0.999158 1.71997
0.543864 -0.839022 -0.0159728 163.887 0.839102 0.54347 0.0234281 130.787 -0.010976 -0.0261445 0.999598 1.73782
0.543814 -0.838933 -0.0214096 164.946 0.839025 0.54299 0.0346264 132.39 -0.017424 -0.0367935 0.999171 1.71993
0.543847 -0.838582 -0.0317796 165.99 0.839179 0.543326 0.0239619 134.015 -0.00282734 -0.0397004 0.999208 1.66977
0.533656 -0.845063 -0.0328573 167.041 0.845699 0.533162 0.0230476 135.693 -0.00195838 -0.0400869 0.999194 1.73155
0.523128 -0.852147 -0.0135031 168.132 0.851615 0.522056 0.0469959 137.447 -0.0329981 -0.0360843 0.998804 1.715
0.515797 -0.856496 -0.0192042 169.195 0.856544 0.515124 0.0313122 139.239 -0.0169263 -0.0325999 0.999325 1.66284
0.513223 -0.858182 -0.0111739 169.95 0.858088 0.512824 0.0263796 140.464 -0.0169083 -0.0231269 0.99959 1.64008
0.511324 -0.859379 0.00391278 170.762 0.859074 0.511255 0.0246908 141.724 -0.0232192 -0.00926364 0.999687 1.63536
0.508493 -0.861009 0.00995157 171.769 0.860923 0.508585 0.0123296 143.468 -0.0156771 0.002298 0.999875 1.60761
0.508349 -0.860996 0.0163378 172.566 0.860888 0.508572 0.0150592 144.728 -0.0212748 0.00640968 0.999753 1.64274
0.506798 -0.861868 0.0184255 173.57 0.861922 0.506987 0.00737338 146.438 -0.0156964 0.0121445 0.999803 1.60769
0.507496 -0.861562 0.0126138 174.594 0.861648 0.507495 -0.00347071 148.188 -0.00341119 0.01263 0.999914 1.64203
0.507762 -0.861308 0.0180916 175.603 0.861228 0.508016 0.0143507 149.816 -0.0215512 0.00829423 0.999733 1.63768
0.500117 -0.86548 0.0287574 176.499 0.865546 0.500628 0.0142169 151.398 -0.0267012 0.0177807 0.999485 1.62518
0.473606 -0.880236 0.0296961 177.204 0.880532 0.473954 0.00559394 152.815 -0.0189986 0.023499 0.999543 1.58034
0.394301 -0.91845 0.0312308 177.96 0.918768 0.394714 0.00813411 154.689 -0.019798 0.0254866 0.999479 1.58155
0.254133 -0.966895 0.0230347 178.479 0.96713 0.254266 0.00301991 156.468 -0.00877688 0.02151 0.99973 1.54509
-0.00312601 -0.999676 -0.0252453 178.455 0.999972 -0.00329599 0.00669298 158.559 -0.00677403 -0.0252236 0.999659 1.59219
-0.234478 -0.970449 -0.0569918 178.007 0.971185 -0.236422 0.0300586 160.253 -0.0426444 -0.0483015 0.997922 1.54317
-0.447758 -0.891697 -0.0662502 177.26 0.891963 -0.450617 0.0366803 161.791 -0.0625612 -0.0426689 0.997129 1.4883
-0.642111 -0.765169 -0.0470132 176.206 0.764975 -0.643539 0.0259033 163.09 -0.0500753 -0.0193312 0.998558 1.40467
-0.774122 -0.631248 -0.0475411 174.803 0.631043 -0.77546 0.0211196 164.285 -0.050198 -0.0136513 0.998646 1.32782
-0.826552 -0.561042 -0.0451953 173.545 0.561013 -0.82768 0.0145416 165.102 -0.0455657 -0.0133357 0.998872 1.24198
-0.858009 -0.51167 -0.0448912 172.173 0.511997 -0.858974 0.00474928 165.907 -0.0409905 -0.0189093 0.998981 1.20037
-0.869728 -0.491514 -0.0445826 170.728 0.492111 -0.870528 -0.00284329 166.733 -0.0374129 -0.0244125 0.999002 1.1398
-0.870919 -0.489437 -0.0441725 169.036 0.489945 -0.871753 -0.00077518 167.671 -0.0381281 -0.0223172 0.999024 1.07389
-0.870378 -0.490854 -0.0387934 167.239 0.491158 -0.871068 0.00191879 168.629 -0.0347336 -0.0173836 0.999245 0.984351
-0.869095 -0.493217 -0.0375603 165.905 0.49358 -0.8697 -0.000455976 169.374 -0.0324413 -0.0189353 0.999294 0.953437
-0.866926 -0.496949 -0.0384949 164.502 0.497367 -0.867539 -0.00150651 170.151 -0.0326472 -0.0204521 0.999258 0.904069
-0.864927 -0.500607 -0.0359679 163.105 0.500759 -0.86557 0.0052959 170.99 -0.0337839 -0.0134307 0.999339 0.833624
-0.86451 -0.501249 -0.0370433 161.558 0.501358 -0.865212 0.00694 171.864 -0.035529 -0.0125723 0.99929 0.744805
-0.863035 -0.503388 -0.0420989 160.004 0.503351 -0.863995 0.0122274 172.763 -0.0425284 -0.0106378 0.999039 0.732547
-0.862756 -0.504024 -0.0401579 158.477 0.504035 -0.863618 0.0105704 173.665 -0.0400089 -0.0111213 0.999137 0.659215
-0.864313 -0.501896 -0.0325989 156.91 0.501741 -0.864914 0.0133621 174.548 -0.0349017 -0.00480718 0.999379 0.571237
-0.866771 -0.497405 -0.0360019 155.377 0.496823 -0.867512 0.0242784 175.445 -0.0433083 0.00315727 0.999057 0.575471
-0.869611 -0.492244 -0.0383652 153.872 0.49146 -0.870438 0.0283788 176.292 -0.0473639 0.00582357 0.998861 0.517745
-0.873223 -0.486018 -0.0355992 152.339 0.485282 -0.873922 0.0275926 177.114 -0.0445214 0.00681883 0.998985 0.435385
-0.875173 -0.482669 -0.0332103 150.826 0.481952 -0.875766 0.0275024 177.925 -0.042359 0.00806359 0.99907 0.388432
-0.876372 -0.480449 -0.0337706 149.272 0.480031 -0.877021 0.020101 178.756 -0.039275 0.00140502 0.999228 0.334212
-0.876092 -0.481172 -0.0305969 147.786 0.480838 -0.876625 0.0179582 179.553 -0.035463 0.00102094 0.999371 0.282926
-0.874406 -0.483847 -0.0361355 146.246 0.483844 -0.875104 0.00941114 180.391 -0.0361758 -0.00925477 0.999303 0.219269
-0.871877 -0.488279 -0.0376008 144.79 0.488261 -0.872637 0.0103088 181.195 -0.0378454 -0.00937096 0.99924 0.166852
-0.870365 -0.491524 -0.0294941 143.343 0.490922 -0.87083 0.0255175 182.006 -0.0382268 0.00773029 0.999239 0.185614
-0.868577 -0.494655 -0.029823 141.876 0.494309 -0.869088 0.0185549 182.852 -0.0350971 0.00137457 0.999383 0.151687
-0.868327 -0.495166 -0.0286242 140.386 0.494545 -0.868755 0.026253 183.681 -0.037867 0.00864026 0.999245 0.129789
-0.86907 -0.493333 -0.0366028 138.957 0.492534 -0.869812 0.0289456 184.487 -0.0461174 0.00712766 0.998911 0.0387315
-0.871621 -0.489412 -0.0274415 137.512 0.488374 -0.871849 0.0370227 185.273 -0.0420442 0.018868 0.998938 -0.0118231
-0.875956 -0.481442 -0.0302535 136.101 0.480937 -0.876462 0.0226587 186.035 -0.0374249 0.005298 0.999285 -0.0841304
-0.880484 -0.47301 -0.0317925 134.642 0.472596 -0.881054 0.0199328 186.799 -0.0374393 0.00252549 0.999296 -0.12304
-0.884486 -0.464833 -0.040194 133.245 0.464727 -0.885366 0.0125045 187.52 -0.0413989 -0.00761918 0.999114 -0.145182
-0.887704 -0.458417 -0.0428447 131.842 0.458431 -0.888673 0.0100888 188.196 -0.0426998 -0.0106854 0.999031 -0.196457
-0.889268 -0.455292 -0.0437274 130.467 0.455477 -0.890226 0.00621553 188.888 -0.0417571 -0.0143896 0.999024 -0.2502
-0.889473 -0.454805 -0.0445984 129.101 0.455155 -0.890408 0.00255561 189.561 -0.0408731 -0.0180261 0.999002 -0.273409
-0.889452 -0.454505 -0.04796 127.192 0.455081 -0.890449 -0.00123828 190.46 -0.0421432 -0.0229271 0.998848 -0.379149
-0.886058 -0.460493 -0.053356 125.36 0.461578 -0.887049 -0.00947029 191.405 -0.0429683 -0.0330192 0.998531 -0.35075
-0.882349 -0.467909 -0.0502126 123.699 0.468866 -0.883227 -0.00864103 192.259 -0.0403059 -0.0311674 0.998701 -0.397454
-0.877616 -0.47621 -0.054904 122.173 0.47753 -0.878514 -0.0133115 193.074 -0.0418949 -0.0379007 0.998403 -0.481402
-0.870637 -0.489274 -0.0510151 120.721 0.490222 -0.871567 -0.00725642 193.881 -0.0409127 -0.0313264 0.998672 -0.47702
-0.861617 -0.504987 -0.0510293 119.082 0.505623 -0.862754 0.000506935 194.822 -0.0442817 -0.0253648 0.998697 -0.529331
-0.84969 -0.524659 -0.0525249 117.689 0.52545 -0.850823 -0.00147415 195.698 -0.043916 -0.0288518 0.998619 -0.577371
-0.835095 -0.548062 -0.0473765 116.382 0.548523 -0.836127 0.00380935 196.554 -0.0417005 -0.0228059 0.99887 -0.593155
-0.824694 -0.564766 -0.0303148 115.21 0.564921 -0.825136 0.00400162 197.347 -0.0272738 -0.0138253 0.999532 -0.630989
-0.789752 -0.613204 -0.016517 114.032 0.61335 -0.789792 -0.00548718 198.122 -0.00968021 -0.0144642 0.999849 -0.689649
-0.692397 -0.721197 -0.021483 112.886 0.7213 -0.692612 0.00389916 199.275 -0.0176915 -0.0127959 0.999762 -0.729804
-0.524339 -0.850954 -0.0307522 112.057 0.850919 -0.524979 0.0182998 200.561 -0.0317165 -0.0165723 0.99936 -0.702861
-0.269281 -0.962742 -0.0248285 111.458 0.962623 -0.269847 0.0232137 202.217 -0.0290487 -0.0176495 0.999422 -0.741773
0.0452352 -0.998785 -0.0195655 111.377 0.998805 0.0448562 0.0193969 204.25 -0.0184957 -0.0204195 0.99962 -0.793327
0.264724 -0.964261 -0.0110258 111.882 0.96422 0.264509 0.0177368 206.14 -0.0141865 -0.0153267 0.999782 -0.834872
0.388879 -0.92125 -0.00846756 112.604 0.921209 0.388709 0.0166893 207.614 -0.0120836 -0.0142905 0.999825 -0.857952
0.464517 -0.885561 -0.00260401 113.426 0.885486 0.464435 0.0146277 209.319 -0.0117443 -0.00910061 0.99989 -0.805908
0.498236 -0.86704 0.00149645 114.301 0.866939 0.498203 0.0145007 211.028 -0.0133182 -0.00592743 0.999894 -0.856337
0.516714 -0.856153 0.00293018 115.29 0.856086 0.516712 0.0111615 212.86 -0.01107 -0.00325883 0.999933 -0.875444
0.521593 -0.853193 0.00142523 116.061 0.853126 0.521572 0.0117404 214.084 -0.0107602 -0.00490783 0.99993 -0.86786
0.523319 -0.852137 0.000274677 116.885 0.852005 0.523244 0.0173956 215.378 -0.0149671 -0.00886942 0.999849 -0.878027
0.522902 -0.852379 0.00488873 117.718 0.852255 0.522912 0.0149905 216.758 -0.015334 -0.00367211 0.999876 -0.900842
0.519717 -0.854338 -0.00139379 118.569 0.854312 0.519687 0.00871987 218.129 -0.00672538 -0.0057226 0.999961 -0.908133
0.51848 -0.855037 -0.00953661 119.437 0.855087 0.518416 0.00844997 219.627 -0.0022811 -0.0125358 0.999919 -0.938782
0.518536 -0.855014 -0.00847341 120.308 0.854947 0.518287 0.0210887 221.085 -0.0136394 -0.0181796 0.999742 -0.873371
0.518253 -0.855095 0.0150492 121.235 0.854971 0.518448 0.0153666 222.623 -0.0209421 0.00490284 0.999769 -0.971321
0.515989 -0.856571 0.00643391 122.217 0.856564 0.51602 0.0047193 224.19 -0.00736244 0.00307594 0.999968 -0.966039
0.514763 -0.857332 -0.000866521 123.208 0.857333 0.514762 0.000996477 225.875 -0.000408259 -0.00125585 0.999999 -0.932729
0.513643 -0.858004 5.26123e-05 124.208 0.857969 0.513622 0.00899266 227.567 -0.00774276 -0.00457387 0.99996 -0.919657
0.514221 -0.857622 0.00784218 125.242 0.857446 0.514276 0.017532 229.28 -0.0190689 -0.00229108 0.999816 -0.941993
0.514972 -0.857145 0.0102743 126.27 0.857071 0.515067 0.0116381 230.968 -0.0152675 0.0028125 0.99988 -0.996951
0.514196 -0.857654 0.00574107 127.343 0.857622 0.514227 0.00740445 232.8 -0.00930266 0.00111633 0.999956 -1.01356
0.513131 -0.858289 0.00607201 128.392 0.85826 0.513164 0.00716908 234.544 -0.00926908 0.0015327 0.999956 -0.976789
0.509799 -0.86017 0.0146035 129.52 0.860182 0.509933 0.00747655 236.446 -0.0138779 0.00875015 0.999865 -1.0504
0.507044 -0.861881 0.00818182 130.562 0.861908 0.507065 0.000525464 238.174 -0.0046016 0.00678554 0.999966 -1.02903
0.503623 -0.863924 7.69775e-05 131.626 0.863914 0.503618 0.00458685 240.069 -0.00400145 -0.00224354 0.99999 -0.976548
0.501129 -0.865369 -0.00242542 132.68 0.865315 0.501062 0.0129547 241.906 -0.00999531 -0.00859074 0.999913 -0.945735
0.498953 -0.866625 -0.0025375 133.671 0.866518 0.49884 0.0174802 243.717 -0.013883 -0.0109206 0.999844 -0.920447
0.498039 -0.867154 -0.000312876 134.727 0.867066 0.497983 0.0144468 245.602 -0.0123718 -0.00746635 0.999896 -0.926167
0.497789 -0.867297 -0.00128211 135.736 0.867267 0.497759 0.00915625 247.363 -0.00730301 -0.00566982 0.999957 -0.9579
0.498707 -0.86672 -0.00934266 136.756 0.866752 0.498596 0.0119791 249.145 -0.00572435 -0.0140719 0.999885 -0.956766
0.499994 -0.865971 -0.0100119 137.803 0.865994 0.499837 0.0147564 251.016 -0.00777429 -0.0160484 0.999841 -0.953576
0.500513 -0.865581 -0.0160223 138.791 0.865658 0.500149 0.0220888 252.772 -0.0111061 -0.0249255 0.999628 -0.881358
0.501565 -0.865107 -0.00465608 139.823 0.864951 0.501354 0.0224442 254.558 -0.0170823 -0.0152845 0.999737 -0.904171
0.501457 -0.865083 -0.0131271 140.826 0.865149 0.501248 0.0163424 256.305 -0.00755759 -0.0195519 0.99978 -0.880004
0.502019 -0.864629 -0.0198205 141.827 0.864839 0.501729 0.0179415 258.104 -0.00556821 -0.0261485 0.999643 -0.8804
0.501749 -0.864852 -0.0166818 142.831 0.864993 0.501512 0.0165286 259.864 -0.00592871 -0.0227228 0.999724 -0.867403
0.502155 -0.864557 -0.0195303 143.873 0.864726 0.501749 0.0223113 261.708 -0.00949007 -0.0280921 0.99956 -0.861454
0.502655 -0.86433 -0.0164573 144.872 0.864437 0.502331 0.0203012 263.453 -0.00927993 -0.0244309 0.999658 -0.863302
0.503974 -0.86357 -0.0160254 145.914 0.86368 0.503686 0.0189145 265.305 -0.00826219 -0.0233732 0.999693 -0.869905
0.504212 -0.863453 -0.0147782 146.959 0.863541 0.503955 0.0180581 267.122 -0.00814478 -0.0218667 0.999728 -0.870286
0.506063 -0.862322 -0.0173797 148.024 0.862464 0.505765 0.0189212 268.93 -0.00752614 -0.0245647 0.99967 -0.859521
0.505906 -0.862361 -0.0198107 149.077 0.862588 0.505748 0.0126893 270.806 -0.000923583 -0.0235081 0.999723 -0.863975
0.505418 -0.862432 -0.0276226 150.163 0.862862 0.504979 0.0215909 272.665 -0.00467189 -0.0347469 0.999385 -0.855287
0.506169 -0.862277 -0.0165009 151.258 0.862357 0.505774 0.0230679 274.559 -0.0115452 -0.0259059 0.999598 -0.849637
0.505844 -0.862512 -0.0139796 152.346 0.862538 0.505498 0.0223505 276.439 -0.012211 -0.0233638 0.999652 -0.821638
0.504665 -0.863303 -0.00467973 153.385 0.863269 0.504575 0.013074 278.254 -0.00892557 -0.0106379 0.999904 -0.875815
0.504917 -0.863037 -0.0149899 154.471 0.863137 0.504677 0.0171771 280.098 -0.00725944 -0.0216114 0.99974 -0.833497
0.50349 -0.863998 -0.00209689 155.548 0.863874 0.503373 0.0183461 281.991 -0.0147955 -0.0110486 0.99983 -0.871266
0.503183 -0.864078 0.0132405 156.589 0.864026 0.503324 0.0111547 283.782 -0.0163028 0.00582733 0.99985 -0.896695
0.502303 -0.864691 -0.000157505 157.626 0.864644 0.502274 0.0105279 285.548 -0.00902425 -0.00542437 0.999945 -0.892998
0.500403 -0.865792 0.000338392 158.65 0.865716 0.500365 0.0130486 287.352 -0.0114667 -0.0062366 0.999915 -0.919458
0.498435 -0.866829 0.0130128 159.651 0.866728 0.498586 0.0139128 289.098 -0.018548 0.0043439 0.999819 -0.898843
0.496235 -0.867979 0.0190261 160.605 0.867966 0.496485 0.011705 290.802 -0.0196059 0.0107055 0.999751 -0.917121
0.49439 -0.869016 0.0197546 161.571 0.869088 0.494601 0.00744491 292.466 -0.0162404 0.0134878 0.999777 -0.929693
0.492422 -0.870276 0.0118501 162.5 0.870244 0.492531 0.00933862 294.192 -0.0139637 0.00571398 0.999886 -0.950836
0.492469 -0.870177 0.0163272 163.443 0.87017 0.492652 0.00994306 295.81 -0.0166959 0.00931078 0.999817 -0.9508
0.49194 -0.870508 0.0145012 164.318 0.870503 0.492084 0.00882483 297.393 -0.0148179 0.00828206 0.999856 -0.957566
0.493929 -0.869441 0.0102891 165.184 0.869387 0.494021 0.010444 298.933 -0.0141635 0.00378661 0.999893 -0.974642
0.496347 -0.867992 0.0151632 166.022 0.867977 0.496509 0.00973463 300.445 -0.0159782 0.00832952 0.999838 -0.961605
0.499167 -0.866208 0.0227114 166.804 0.866327 0.499424 0.00721928 301.824 -0.017596 0.0160719 0.999716 -0.977397
0.501993 -0.864657 0.0192985 167.573 0.864609 0.502265 0.0134388 303.108 -0.0213129 0.00993945 0.999723 -0.960081
0.505589 -0.862496 0.0219236 168.621 0.862552 0.505872 0.00986905 304.915 -0.0196026 0.0139206 0.999711 -0.984019
0.509715 -0.860238 0.0134568 169.593 0.860247 0.50983 0.00699197 306.531 -0.0128755 0.00801228 0.999885 -0.988686
0.507239 -0.861556 0.0207393 170.461 0.861592 0.507502 0.0100512 307.992 -0.0191849 0.0127705 0.999734 -0.962331
0.492633 -0.870159 0.0116406 171.227 0.870156 0.492726 0.00706747 309.325 -0.0118854 0.00664748 0.999907 -1.01033
0.434962 -0.90042 0.00717886 171.971 0.900401 0.435007 0.0068647 310.917 -0.00930397 0.00347798 0.999951 -0.998811
0.282339 -0.959279 0.00831707 172.491 0.959161 0.282438 0.0154245 312.854 -0.0171455 0.00362245 0.999846 -1.02638
0.042969 -0.999076 -0.000254914 172.783 0.998596 0.0429404 0.0310178 314.951 -0.0309782 -0.00158736 0.999519 -1.01914
-0.195242 -0.980752 -0.00239708 172.461 0.979827 -0.195163 0.0430095 316.762 -0.0426495 0.00604854 0.999072 -1.08908
-0.444248 -0.895757 0.0162081 171.651 0.894974 -0.44289 0.053568 318.572 -0.0408055 0.0383033 0.998433 -1.12741
-0.62098 -0.783561 0.0203924 170.734 0.78351 -0.619782 0.044519 319.804 -0.0222445 0.0436231 0.9988 -1.17364
-0.764027 -0.645044 0.0134633 169.514 0.644661 -0.7624 0.056193 320.869 -0.0259826 0.0516122 0.998329 -1.15383
-0.848031 -0.529823 -0.0114046 168.132 0.529162 -0.84775 0.0361616 321.651 -0.0288275 0.0246313 0.999281 -1.17071
-0.881602 -0.471082 -0.029318 166.527 0.470091 -0.881924 0.0349718 322.435 -0.0423308 0.0170491 0.998958 -1.26324
-0.889951 -0.455861 -0.0133647 164.918 0.455646 -0.890011 0.0163483 323.252 -0.0193473 0.00845957 0.999777 -1.37436
-0.888063 -0.459624 -0.00949528 163.11 0.459343 -0.88798 0.022244 324.142 -0.0186555 0.0153924 0.999708 -1.34204
-0.88527 -0.464799 -0.0161147 161.276 0.464508 -0.885369 0.0188466 325.119 -0.0230273 0.0091989 0.999692 -1.42712
-0.878653 -0.477087 -0.0189092 159.265 0.477007 -0.878855 0.00879785 326.13 -0.0208158 -0.00128957 0.999783 -1.4375
-0.874703 -0.484033 -0.0246509 157.904 0.483923 -0.875046 0.0106541 326.838 -0.0267276 -0.00260997 0.999639 -1.42683
-0.871862 -0.489257 -0.0219955 156.421 0.489009 -0.872134 0.0158818 327.621 -0.0269533 0.00309078 0.999632 -1.46735
-0.868122 -0.49583 -0.022715 154.954 0.495622 -0.868418 0.0144262 328.452 -0.0268791 0.0012656 0.999638 -1.5602
-0.864996 -0.500556 -0.0350034 153.459 0.500561 -0.865652 0.00924595 329.302 -0.0349289 -0.00952365 0.999344 -1.5647
-0.861604 -0.506469 -0.0335807 151.828 0.506002 -0.862256 0.0218322 330.228 -0.0400125 0.00181881 0.999198 -1.61531
-0.859808 -0.509821 -0.0285278 150.319 0.509392 -0.860272 0.0212249 331.13 -0.0353626 0.0037175 0.999368 -1.69264
-0.85902 -0.511191 -0.0277114 148.713 0.510906 -0.859467 0.0170962 332.037 -0.0325565 0.000528031 0.99947 -1.75236
-0.859211 -0.510879 -0.0275361 147.151 0.510527 -0.859649 0.0191095 332.984 -0.033434 0.00236118 0.999438 -1.80938
-0.860352 -0.508774 -0.0307204 145.533 0.508505 -0.860899 0.0165844 333.938 -0.0348849 -0.00135308 0.99939 -1.85964
-0.86145 -0.506838 -0.0319113 143.895 0.506589 -0.862038 0.0160688 334.869 -0.0356531 -0.00232344 0.999362 -1.88635
-0.863008 -0.504079 -0.033485 142.307 0.503958 -0.863636 0.0125888 335.778 -0.0352646 -0.00601081 0.99936 -1.907
-0.865249 -0.500396 -0.030799 140.743 0.500317 -0.865775 0.0107843 336.688 -0.0320615 -0.00607813 0.999467 -1.96908
-0.86884 -0.493514 -0.0395143 139.113 0.493478 -0.869684 0.0113397 337.596 -0.0399612 -0.00964703 0.999155 -2.03402
-0.872518 -0.487131 -0.0376394 137.483 0.486938 -0.873312 0.0147364 338.463 -0.0400495 -0.00547029 0.999183 -2.03239
-0.874765 -0.483411 -0.0331587 135.898 0.483381 -0.875359 0.00943873 339.321 -0.0335886 -0.00777162 0.999406 -2.08757
-0.876211 -0.480532 -0.0366543 134.34 0.480754 -0.87685 0.00307359 340.141 -0.0336173 -0.0149286 0.999323 -2.17201
-0.876794 -0.479649 -0.034206 132.753 0.479596 -0.877429 0.0102798 341.042 -0.0349441 -0.00739177 0.999362 -2.15533
-0.874415 -0.483995 -0.033862 131.17 0.48408 -0.875002 0.00621627 341.899 -0.032638 -0.0109563 0.999407 -2.21692
-0.870664 -0.490469 -0.0372154 129.593 0.490678 -0.871332 0.00393707 342.761 -0.034358 -0.0148329 0.9993 -2.23749
-0.865316 -0.499536 -0.0411215 128.012 0.499857 -0.866103 0.00279861 343.622 -0.0370135 -0.0181332 0.99915 -2.3246
-0.860403 -0.507866 -0.0421763 126.46 0.508234 -0.861216 0.00228795 344.511 -0.0374849 -0.0194668 0.999108 -2.38078
-0.855193 -0.516808 -0.0394198 124.963 0.517114 -0.855912 0.00280715 345.44 -0.0351906 -0.0179838 0.999219 -2.4465
-0.849885 -0.525686 -0.0367464 123.442 0.52603 -0.850466 0.000347153 346.369 -0.0314341 -0.0190347 0.999325 -2.4556
-0.844751 -0.533752 -0.0387857 121.98 0.53414 -0.845396 0.000418087 347.189 -0.0330125 -0.0203638 0.999247 -2.50886
-0.839718 -0.541468 -0.0410635 120.521 0.541866 -0.840463 0.00167666 348.151 -0.0354202 -0.020843 0.999155 -2.53679
-0.836129 -0.547165 -0.038721 119.029 0.547287 -0.836904 0.00831544 349.141 -0.0369556 -0.0142387 0.999215 -2.57722
-0.8339 -0.55085 -0.0342844 117.651 0.550865 -0.834536 0.00986362 350.057 -0.034045 -0.0106608 0.999363 -2.60858
-0.833369 -0.5518 -0.03183 116.351 0.551714 -0.833944 0.0122159 350.889 -0.0332852 -0.00738076 0.999419 -2.67617
-0.833864 -0.551233 -0.0285157 115.166 0.551102 -0.834337 0.0129644 351.718 -0.0309381 -0.00490447 0.999509 -2.6949
-0.839077 -0.543153 -0.0305694 113.43 0.543045 -0.839611 0.0124394 352.889 -0.0324229 -0.00616298 0.999455 -2.73166
-0.848909 -0.528024 -0.0233433 111.899 0.527473 -0.849173 0.0260104 353.816 -0.0335566 0.00976749 0.999389 -2.75146
-0.859595 -0.510334 -0.0255938 110.338 0.509942 -0.859964 0.0205244 354.774 -0.0324841 0.00459136 0.999462 -2.76446
-0.870788 -0.491361 -0.0171125 108.795 0.490919 -0.870859 0.0245483 355.616 -0.0269646 0.0129755 0.999552 -2.78509
-0.879794 -0.475213 -0.0116542 107.263 0.475008 -0.879824 0.0166771 356.439 -0.0181788 0.00913653 0.999793 -2.81399
-0.886711 -0.462173 -0.0118049 105.636 0.46206 -0.886778 0.011173 357.263 -0.0156322 0.00445263 0.999868 -2.82972
-0.892254 -0.451336 -0.0133585 103.984 0.451322 -0.892351 0.00425647 358.092 -0.0138416 -0.00223114 0.999902 -2.85756
-0.894131 -0.447667 -0.0111269 102.287 0.447697 -0.894185 -0.000213413 358.925 -0.00985398 -0.0051723 0.999938 -2.86834
-0.89427 -0.446979 -0.0221584 100.447 0.44706 -0.894503 0.00140401 359.811 -0.0204483 -0.00865058 0.999753 -2.85938
-0.891339 -0.450935 -0.0466056 98.5458 0.451076 -0.892449 0.00803878 360.725 -0.0452181 -0.0138574 0.998881 -2.90622
-0.88878 -0.457546 -0.0268582 97.2353 0.45768 -0.889116 0.00128218 361.378 -0.0244667 -0.0111529 0.999638 -2.94292
-0.884828 -0.465006 -0.0291367 95.839 0.465315 -0.885134 -0.00447047 362.08 -0.0237111 -0.0175133 0.999565 -2.96768
-0.879992 -0.472172 -0.0516547 94.4178 0.472311 -0.881372 0.0102635 362.849 -0.0503732 -0.0153652 0.998612 -2.98762
-0.877463 -0.478825 -0.0280284 92.9875 0.478913 -0.877853 0.00393252 363.634 -0.0264878 -0.00997251 0.999599 -3.08669
-0.873837 -0.485484 -0.0267361 91.445 0.48587 -0.873972 -0.0101397 364.439 -0.018444 -0.0218507 0.999591 -3.13161
-0.86708 -0.496421 -0.0416859 89.8757 0.497251 -0.867524 -0.0119755 365.319 -0.0302186 -0.0311121 0.999059 -3.18139
-0.859966 -0.509958 -0.0200412 88.3096 0.510243 -0.85993 -0.0131344 366.219 -0.010536 -0.021521 0.999713 -3.22487
-0.853026 -0.521574 -0.0175381 86.6302 0.521815 -0.852938 -0.0143449 367.235 -0.007477 -0.0213883 0.999743 -3.20797
-0.845318 -0.53328 -0.0324214 85.0184 0.533652 -0.845697 -0.00348687 368.248 -0.0255592 -0.0202493 0.999468 -3.2493
-0.840461 -0.541287 -0.0251642 83.3157 0.541325 -0.840793 0.00584426 369.341 -0.0243213 -0.00871011 0.999666 -3.28263
-0.839082 -0.543564 -0.0218766 81.6449 0.543606 -0.839328 0.00451905 370.423 -0.020818 -0.0081004 0.99975 -3.3354
-0.839086 -0.543559 -0.0218708 79.9475 0.543474 -0.839364 0.0101973 371.52 -0.0239004 -0.0033298 0.999709 -3.34931
-0.84133 -0.539736 -0.0291304 78.2897 0.539687 -0.841804 0.0101799 372.581 -0.0300166 -0.00715665 0.999524 -3.38726
-0.844855 -0.534675 -0.0185088 76.583 0.534541 -0.845058 0.0119615 373.692 -0.0220365 0.000212047 0.999757 -3.42764
-0.848938 -0.528335 -0.0128596 74.85 0.528298 -0.849035 0.00641048 374.746 -0.0143052 -0.00135161 0.999897 -3.45431
-0.852336 -0.522645 -0.0191183 73.1625 0.522409 -0.852542 0.0161364 375.748 -0.0247327 0.00376603 0.999687 -3.4483
-0.854829 -0.518595 -0.0180728 71.4491 0.518385 -0.855012 0.0151999 376.768 -0.023335 0.00362463 0.999721 -3.4853
-0.857067 -0.51502 -0.0138185 69.813 0.514919 -0.857176 0.010378 377.746 -0.0171898 0.00177925 0.999851 -3.505
-0.85943 -0.511059 -0.0141492 68.0789 0.510946 -0.859543 0.0109619 378.724 -0.017764 0.00219148 0.99984 -3.51837
-0.86226 -0.506049 -0.020559 66.4304 0.505636 -0.86246 0.0222491 379.7 -0.0289905 0.00878914 0.999541 -3.53053
-0.865001 -0.501234 -0.0231767 64.7647 0.500669 -0.86524 0.0262626 380.66 -0.0332171 0.0111133 0.999386 -3.59817
-0.869002 -0.494621 -0.0136205 63.1113 0.494356 -0.869056 0.0188054 381.585 -0.0211385 0.00960856 0.99973 -3.62611
-0.870423 -0.492046 -0.0159229 61.3726 0.491787 -0.870537 0.0176358 382.541 -0.0225391 0.00751992 0.999718 -3.6095
-0.872401 -0.488248 -0.02303 59.7209 0.48777 -0.872656 0.0235115 383.419 -0.0315767 0.00927816 0.999458 -3.63001
