0.460979 -0.884426 -0.0727304 1.2669 0.887332 0.458291 0.0511022 1.66253 -0.0118644 -0.088093 0.996042 0.813398
0.45809 -0.885408 -0.0787823 2.20641 0.888838 0.455156 0.0529177 3.51343 -0.0109955 -0.0942657 0.995486 0.810487
0.45552 -0.886879 -0.0771197 3.25407 0.890115 0.452384 0.0551717 5.5556 -0.0140429 -0.0937772 0.995494 0.812375
0.452625 -0.888398 -0.0766792 4.42866 0.89158 0.449471 0.0553196 7.86538 -0.0146807 -0.0934047 0.99552 0.809409
0.459212 -0.885024 -0.0765288 2.97601 0.888258 0.456403 0.0518994 4.94219 -0.0110042 -0.0918101 0.995716 0.832233
0.450226 -0.889652 -0.0762615 6.02694 0.892768 0.446963 0.0564688 10.9838 -0.0161515 -0.0935076 0.995488 0.813163
0.457859 -0.885633 -0.0775861 4.07641 0.888949 0.454933 0.0529636 7.06058 -0.0116098 -0.0932199 0.995578 0.839353
0.450364 -0.889732 -0.0744928 7.43375 0.892528 0.446413 0.0640957 13.7461 -0.0237734 -0.0953534 0.99516 0.804474
0.455805 -0.886833 -0.075958 4.98599 0.889975 0.452778 0.0541931 8.77268 -0.0136681 -0.0923022 0.995637 0.852627
0.450947 -0.889613 -0.0723579 8.27064 0.892128 0.446756 0.067199 15.3244 -0.0274547 -0.0948557 0.995112 0.804252
0.452405 -0.889226 -0.0678761 9.4353 0.891401 0.448573 0.0647061 17.5872 -0.027091 -0.0897782 0.995593 0.770188
0.451825 -0.888934 -0.0751612 6.3894 0.891939 0.448501 0.0573758 11.4139 -0.0172934 -0.0929631 0.995519 0.879911
0.45171 -0.889466 -0.0693396 10.7134 0.891828 0.448037 0.0624967 20.0548 -0.024522 -0.0900693 0.995634 0.760364
0.449694 -0.890138 -0.0736832 7.62569 0.892978 0.446292 0.058421 13.7639 -0.0191186 -0.092069 0.995569 0.902409
0.451865 -0.889096 -0.0729785 12.3117 0.891773 0.448024 0.0633644 23.1657 -0.0236409 -0.0937124 0.995319 0.771042
0.446256 -0.891902 -0.0732507 8.75055 0.894689 0.442851 0.0584396 15.9213 -0.0196833 -0.0916157 0.9956 0.955792
0.450052 -0.89064 -0.0649093 13.8029 0.892374 0.445818 0.0701083 26.0941 -0.0335035 -0.0894757 0.995425 0.801584
0.443599 -0.893347 -0.0717686 9.70648 0.895967 0.440122 0.0594671 17.7706 -0.0215378 -0.0906818 0.995647 1.0293
0.44623 -0.893428 -0.0516331 15.0176 0.894321 0.443081 0.062203 28.449 -0.0326963 -0.0739334 0.996727 0.816116
0.441528 -0.895473 -0.0563999 16.1679 0.896693 0.438174 0.0628066 30.7813 -0.0315286 -0.0783043 0.996431 0.783583
0.440447 -0.895096 -0.0693576 11.0612 0.897317 0.436426 0.0659946 20.389 -0.0288021 -0.0913028 0.995407 1.13413
0.438845 -0.896693 -0.057937 17.4209 0.897842 0.434998 0.068242 33.2862 -0.0359897 -0.0819659 0.995985 0.790326
0.438695 -0.896027 -0.0684225 12.0915 0.897951 0.434117 0.0722952 22.376 -0.0350751 -0.0931556 0.995034 1.18507
0.435252 -0.89843 -0.0581338 18.5925 0.89926 0.430722 0.0762255 35.656 -0.0434437 -0.0854547 0.995394 0.788633
0.43263 -0.899871 -0.0553489 19.7371 0.900005 0.427445 0.0853321 38.0071 -0.0531293 -0.0867314 0.994814 0.735845
0.43584 -0.897702 -0.0646097 13.467 0.898888 0.430562 0.0813359 24.9756 -0.0451969 -0.0935264 0.99459 1.31473
0.429958 -0.901232 -0.0540098 21.0126 0.900898 0.424331 0.0912514 40.5829 -0.0593207 -0.0878916 0.994362 0.699189
0.435818 -0.898034 -0.0599774 14.4958 0.898603 0.4304 0.085253 26.9281 -0.0507458 -0.0910506 0.994552 1.38029
0.427766 -0.902418 -0.0515641 22.1072 0.901822 0.422236 0.0918368 42.7651 -0.0611029 -0.0857862 0.994438 0.685359
0.42395 -0.904032 -0.0546986 23.2059 0.903435 0.41787 0.0958653 45.071 -0.0638085 -0.0900587 0.99389 0.594914
0.431375 -0.900517 -0.0546282 15.8595 0.900132 0.425538 0.0931667 29.4075 -0.0606518 -0.0893623 0.994151 1.52251
0.420187 -0.90603 -0.050514 24.4783 0.904811 0.414089 0.0992309 47.6783 -0.0689889 -0.0874012 0.993781 0.536739
0.4303 -0.901141 -0.0527889 16.8415 0.900567 0.424551 0.0934629 31.2645 -0.0618117 -0.087757 0.994222 1.58304
0.416607 -0.907791 -0.0485197 25.4301 0.906195 0.410437 0.101745 49.6162 -0.0724487 -0.0863559 0.993627 0.520025
0.411714 -0.909765 -0.0530978 26.4369 0.90845 0.405109 0.102985 51.8156 -0.0721821 -0.0906373 0.993265 0.421444
0.425258 -0.903607 -0.0514694 18.0807 0.902589 0.419196 0.0980141 33.486 -0.0669904 -0.088137 0.993853 1.78399
0.408494 -0.911251 -0.0524773 27.6029 0.909411 0.4014 0.108855 54.2697 -0.0781297 -0.0921899 0.992672 0.373743
0.423203 -0.904502 -0.052688 18.8991 0.903553 0.417028 0.0983858 35.0038 -0.0670177 -0.0892436 0.993753 1.88271
0.405632 -0.912956 -0.0444402 28.2522 0.909995 0.398794 0.113458 55.6114 -0.0858601 -0.0864627 0.992548 0.420823
0.401591 -0.915086 -0.0366293 29.0653 0.911327 0.395345 0.114825 57.3874 -0.0905938 -0.0794941 0.99271 0.322273
0.417751 -0.907186 -0.0499802 19.5723 0.905229 0.410881 0.108339 35.9832 -0.0777475 -0.0905022 0.992857 2.2093
0.397395 -0.917011 -0.0341884 29.5765 0.912617 0.391046 0.119223 58.4783 -0.0959593 -0.0785794 0.992279 0.354938
0.392263 -0.91954 -0.0239874 30.4053 0.913017 0.386042 0.131803 60.3335 -0.111939 -0.0736025 0.990986 0.224406
0.411228 -0.910487 -0.0436344 20.3845 0.906722 0.403678 0.122059 37.2549 -0.0935191 -0.0897584 0.991563 2.56441
0.387802 -0.921506 -0.020904 30.8539 0.913856 0.381424 0.139224 61.3109 -0.120322 -0.0730945 0.99004 0.261418
0.381077 -0.924294 -0.0214603 31.5462 0.916601 0.374665 0.139528 62.9387 -0.120925 -0.0728416 0.989985 0.111408
0.403532 -0.914442 -0.0309613 20.9875 0.90809 0.396129 0.135847 37.9372 -0.111959 -0.0829342 0.990246 3.07302
0.375563 -0.926509 -0.0231136 31.6877 0.918646 0.368844 0.141577 63.1237 -0.122647 -0.0744042 0.989657 0.248724
0.36826 -0.929252 -0.0295827 32.0385 0.919912 0.359579 0.156412 63.9986 -0.134709 -0.0848137 0.987249 0.191486
0.359727 -0.932688 -0.0262602 33.0529 0.921334 0.350619 0.167957 66.4988 -0.147444 -0.0846131 0.985444 -0.103168
0.389164 -0.921109 -0.0104863 22.1743 0.910711 0.383011 0.154623 39.2009 -0.138409 -0.069724 0.987918 3.95726
0.3557 -0.934231 -0.0262565 34.2059 0.922037 0.34619 0.173206 68.9119 -0.152725 -0.0858189 0.984536 -0.233175
0.34709 -0.937516 -0.0243138 34.9149 0.92366 0.33724 0.181995 70.6724 -0.162424 -0.0856263 0.982999 -0.454885
0.38439 -0.923159 -0.00463389 23.4132 0.911242 0.378614 0.162137 40.9406 -0.147924 -0.0665465 0.986757 4.31202
0.346614 -0.937662 -0.0254696 36.0134 0.922297 0.335734 0.191444 72.4937 -0.170959 -0.0898478 0.981173 -0.574409
0.336202 -0.941513 -0.0228154 36.7311 0.92502 0.325567 0.195819 74.2701 -0.176938 -0.0869394 0.980375 -0.849947
0.381083 -0.924534 -0.003453 24.9576 0.911487 0.375075 0.168848 43.0668 -0.15481 -0.0674924 0.985636 4.43334
0.339657 -0.940266 -0.023082 38.1775 0.924331 0.329161 0.193044 76.5 -0.173915 -0.086904 0.980919 -1.14328
0.391342 -0.920221 -0.00672085 25.8019 0.906893 0.384414 0.172544 44.0619 -0.156195 -0.0736189 0.984979 4.47844
0.339602 -0.940092 -0.029949 39.0241 0.925382 0.328251 0.189524 76.1584 -0.168339 -0.0920771 0.981419 -1.00926
0.316217 -0.948318 -0.026446 39.8463 0.932244 0.305448 0.193964 77.9615 -0.175862 -0.0859889 0.980652 -1.29911
0.393646 -0.919243 -0.00588134 28.1107 0.904279 0.386071 0.182289 44.6494 -0.165298 -0.0770758 0.983227 4.66559
0.361009 -0.932335 -0.0206166 43.0323 0.917707 0.351241 0.185593 80.704 -0.165793 -0.0859207 0.98241 -1.80484
0.443698 -0.896169 -0.00365626 29.1252 0.880261 0.43505 0.189399 46.251 -0.168143 -0.0872545 0.981893 4.44252
0.43383 -0.900832 -0.0171284 46.0507 0.884335 0.422093 0.199473 81.3683 -0.172462 -0.101685 0.979754 -2.02563
0.511506 -0.859278 -0.00145498 29.4444 0.842585 0.501236 0.197011 46.9319 -0.168558 -0.101998 0.9804 4.34907
0.530878 -0.847355 -0.0125603 49.279 0.829714 0.516695 0.21119 80.7737 -0.172463 -0.122537 0.977364 -2.12121
0.571142 -0.820831 -0.00578348 30.0679 0.802574 0.556933 0.213778 48.0054 -0.172255 -0.126739 0.976865 4.16756
0.62053 -0.784109 -0.0107278 51.7672 0.766494 0.603588 0.219473 79.4065 -0.165616 -0.144413 0.975559 -2.05996
0.615454 -0.78817 -0.00222274 30.6823 0.769131 0.599967 0.220175 48.8993 -0.172202 -0.137217 0.975458 3.96374
0.682779 -0.730617 -0.00344614 53.3155 0.712738 0.66502 0.223053 77.9871 -0.160675 -0.154752 0.9748 -1.96825
0.658478 -0.752595 0.00280385 30.8565 0.733528 0.64262 0.221305 49.2462 -0.168355 -0.143668 0.975201 3.89011
0.736209 -0.676749 0.00279366 54.8392 0.658504 0.717301 0.227708 76.5752 -0.156105 -0.165801 0.973725 -1.86471
0.70308 -0.711091 0.00539087 31.3412 0.691941 0.685855 0.225432 49.2966 -0.164 -0.154767 0.974244 3.84608
0.810798 -0.585242 0.00993143 57.1158 0.567328 0.789927 0.232711 74.8351 -0.144038 -0.183047 0.972495 -1.77862
0.73557 -0.677407 0.00749287 32.9501 0.657421 0.716451 0.233444 49.4974 -0.163505 -0.166789 0.972341 3.68465
0.87755 -0.479272 0.0142883 59.3336 0.46276 0.854367 0.236455 72.8733 -0.125534 -0.200889 0.971537 -1.67846
0.757504 -0.652657 0.0150714 34.8778 0.632366 0.739297 0.231413 49.3829 -0.162176 -0.165766 0.972739 3.51726
0.934685 -0.355178 0.0146055 61.427 0.341576 0.908751 0.239787 70.9146 -0.0984397 -0.219136 0.970716 -1.57455
0.76414 -0.644983 0.00935217 36.8142 0.625906 0.744889 0.231045 49.2672 -0.155986 -0.170697 0.972898 3.34765
0.9579 -0.286688 0.0154319 62.6019 0.274706 0.930837 0.240995 69.5532 -0.083455 -0.22661 0.970404 -1.49658
0.770944 -0.636863 0.00712177 38.0686 0.616813 0.749367 0.240812 48.8772 -0.158701 -0.18126 0.970546 3.30804
0.975659 -0.218685 0.0163153 63.7748 0.20835 0.947611 0.242125 68.3728 -0.0684097 -0.232832 0.970108 -1.44423
0.777481 -0.628748 0.0141121 39.4266 0.607692 0.756845 0.240618 48.4875 -0.161969 -0.1785 0.970517 3.2431
0.988271 -0.151847 0.0162186 65.0373 0.143413 0.959344 0.243089 67.1976 -0.0524714 -0.237912 0.969868 -1.39586
0.784108 -0.620321 0.0194089 40.9727 0.598661 0.764234 0.239898 48.0124 -0.163647 -0.176486 0.970604 3.18297
0.995542 -0.0929979 0.0157411 66.5654 0.0864501 0.966413 0.242018 65.8079 -0.0377195 -0.239578 0.970144 -1.31572
0.771254 -0.636231 0.0194207 43.6422 0.614947 0.752636 0.235327 47.6237 -0.164339 -0.169554 0.971722 3.02837
0.998855 -0.0454016 0.0150729 67.8081 0.0404109 0.969419 0.242063 64.8988 -0.025602 -0.241176 0.970144 -1.28314
0.759488 -0.650268 0.0181741 45.6191 0.628591 0.74079 0.236861 47.0367 -0.167486 -0.168469 0.971374 2.96321
0.999869 -0.00042379 0.0161529 69.2817 -0.00350001 0.970243 0.242107 64.1992 -0.0157748 -0.242132 0.970115 -1.28583
0.751348 -0.659657 0.0181419 47.951 0.636908 0.732083 0.241665 46.7207 -0.172697 -0.17002 0.97019 2.85958
0.998881 0.0438021 0.0178251 71.4698 -0.0468298 0.968667 0.243909 63.6917 -0.00658281 -0.244471 0.969634 -1.36633
0.758287 -0.651478 0.0240258 51.432 0.627229 0.739118 0.245537 46.7826 -0.17772 -0.171118 0.96909 2.64068
0.791513 -0.610153 0.0349418 53.1413 0.58534 0.773283 0.243743 47.6491 -0.175741 -0.172473 0.96921 2.3313
0.969992 0.241829 0.0252025 74.9951 -0.240505 0.939099 0.245461 60.2857 0.035692 -0.244157 0.969079 -1.04954
0.797934 -0.601983 0.0303016 53.7311 0.578403 0.778883 0.242469 46.012 -0.169564 -0.175948 0.969686 2.53289
0.928991 0.369056 0.027806 76.2517 -0.36427 0.898484 0.245018 57.9336 0.0654421 -0.237749 0.96912 -0.73286
0.809226 -0.586861 0.0273343 55.055 0.563744 0.788764 0.245039 45.1226 -0.165364 -0.182882 0.969128 2.56304
0.905955 0.422292 0.0302545 77.7084 -0.415907 0.874339 0.250106 55.9851 0.079165 -0.239168 0.967746 -0.555822
0.807611 -0.589293 0.022337 57.6252 0.564839 0.783872 0.25788 44.4452 -0.169476 -0.19565 0.965919 2.46595
0.853404 0.520586 0.0262985 79.5244 -0.509851 0.823187 0.249831 54.0323 0.10841 -0.226615 0.967932 -0.399787
0.815297 -0.578412 0.027033 59.4083 0.552805 0.791399 0.260949 43.6834 -0.17233 -0.197807 0.964974 2.41395
0.829781 0.557684 0.0212503 81.1049 -0.545637 0.802681 0.240796 52.1448 0.117231 -0.211403 0.970343 -0.251904
0.812786 -0.581872 0.0283446 62.0658 0.555402 0.788658 0.263718 42.9087 -0.175804 -0.198604 0.964183 2.26544
0.782769 0.621841 0.0242284 82.9185 -0.608482 0.756629 0.239295 49.985 0.130472 -0.202055 0.970645 -0.0684929
0.803807 -0.594354 0.0252511 64.3916 0.567213 0.778516 0.268668 42.2919 -0.179342 -0.201635 0.962902 2.13278
0.765124 0.643259 0.0283289 84.0724 -0.62825 0.736189 0.251649 48.5722 0.14102 -0.210341 0.967404 0.0204826
0.798574 -0.60136 0.0254142 65.8883 0.573465 0.772996 0.271322 41.5211 -0.182807 -0.202096 0.962153 2.08395
0.751657 0.658966 0.0278306 85.1712 -0.64196 0.721273 0.260101 47.2477 0.151324 -0.213373 0.96518 0.109122
0.795383 -0.605441 0.0284164 67.3878 0.576202 0.769851 0.274446 40.6861 -0.188038 -0.201916 0.961182 2.0261
0.744904 0.666763 0.0233712 86.3998 -0.648079 0.714821 0.262726 45.6688 0.158469 -0.210852 0.964587 0.22734
0.78091 -0.624038 0.027512 69.6581 0.592451 0.753902 0.28396 39.8777 -0.197943 -0.205447 0.958441 1.86156
0.722688 0.691137 0.00717419 87.8405 -0.668689 0.696513 0.26024 43.8126 0.174865 -0.19287 0.965517 0.407848
0.761 -0.648419 0.0207846 71.5901 0.619454 0.735779 0.273689 39.3006 -0.192758 -0.195402 0.961594 1.69888
0.723204 0.690633 -0.00121797 88.7737 -0.665706 0.697569 0.265016 42.7014 0.183878 -0.19085 0.964243 0.500204
0.74396 -0.668101 0.0128162 72.7966 0.640716 0.718649 0.270236 38.6422 -0.189756 -0.192833 0.962709 1.64743
0.727759 0.685825 -0.00320547 89.7052 -0.659746 0.701347 0.269904 41.793 0.187355 -0.19431 0.962882 0.592693
0.727208 -0.686395 0.00546497 74.0563 0.659377 0.700752 0.272339 38.0688 -0.190762 -0.194444 0.962186 1.61654
0.736321 0.676629 -0.00216394 90.815 -0.65096 0.709253 0.270575 40.8232 0.184613 -0.197821 0.962697 0.702449
0.702362 -0.711811 0.00355909 75.9191 0.683132 0.675452 0.27766 37.7736 -0.200045 -0.192587 0.960673 1.49057
0.73536 0.677667 -0.00353877 92.3678 -0.652545 0.709489 0.266103 39.6399 0.18284 -0.193372 0.963938 0.91132
0.675912 -0.736979 0.00216167 77.6953 0.709996 0.651946 0.266219 37.6489 -0.197607 -0.178406 0.96391 1.35639
0.748099 0.66352 -0.00945729 93.5923 -0.638372 0.723491 0.262759 39.0694 0.181188 -0.190533 0.964815 1.01526
0.647539 -0.761969 -0.00978502 79.3676 0.736431 0.622433 0.265039 37.8 -0.195861 -0.178829 0.964188 1.24813
0.756537 0.653724 -0.0172265 95.1523 -0.627986 0.733596 0.259752 38.5367 0.182444 -0.185694 0.965522 1.18697
0.621682 -0.783015 -0.0199957 80.489 0.757183 0.594247 0.27119 37.9576 -0.200463 -0.183734 0.962318 1.1879
0.773424 0.63351 -0.0218915 96.3035 -0.607621 0.750771 0.259114 38.5767 0.180587 -0.187103 0.965599 1.26746
0.59952 -0.800099 -0.020436 81.9022 0.772735 0.571988 0.275156 38.6867 -0.208463 -0.180753 0.961182 1.09539
0.789148 0.613609 -0.0270204 97.411 -0.587596 0.767038 0.257649 38.8549 0.178821 -0.187446 0.965861 1.34722
0.572746 -0.819488 -0.0200537 82.8712 0.791476 0.546469 0.273748 39.3533 -0.213374 -0.17266 0.961592 1.05888
0.802969 0.595105 -0.0330317 99.0062 -0.568796 0.781672 0.255853 39.1966 0.178079 -0.186654 0.966151 1.52573
0.565126 -0.824638 -0.0246033 84.0704 0.796579 0.537651 0.276394 40.623 -0.214697 -0.175796 0.96073 0.909031
0.817469 0.574816 -0.0364813 100.08 -0.548721 0.796479 0.254019 39.9718 0.175071 -0.187635 0.966511 1.59243
0.572638 -0.819102 -0.0340282 85.1369 0.791908 0.541936 0.281402 42.0832 -0.212056 -0.188089 0.958986 0.763944
0.83177 0.553664 -0.0401762 101.6 -0.527852 0.811243 0.251507 40.5371 0.171843 -0.187989 0.967021 1.72843
0.572696 -0.819052 -0.0342495 85.7966 0.79219 0.542202 0.280092 43.0926 -0.21084 -0.18754 0.959362 0.705826
0.84559 0.532041 -0.0436925 102.599 -0.506758 0.825746 0.247668 41.4003 0.167848 -0.187284 0.967859 1.76531
0.570909 -0.820315 -0.0338661 86.5009 0.793369 0.540602 0.279849 44.2505 -0.211257 -0.186637 0.959446 0.619047
0.855713 0.515424 -0.0457669 103.765 -0.490868 0.836554 0.243362 42.5613 0.163721 -0.185783 0.968855 1.80563
0.606472 -0.794072 -0.0405201 87.6681 0.769043 0.57289 0.283496 46.1976 -0.201903 -0.203094 0.958117 0.47718
0.874797 0.482011 -0.0489347 106.294 -0.458416 0.856175 0.238368 43.5556 0.156793 -0.186091 0.969941 2.04337
0.661462 -0.749039 -0.037533 88.8146 0.725827 0.626761 0.283453 48.0709 -0.188793 -0.214736 0.958251 0.338396
0.882905 0.467204 -0.0468913 107.644 -0.444507 0.863814 0.237148 44.8605 0.151302 -0.188536 0.970341 2.08637
0.725843 -0.686678 -0.0403013 90.1423 0.667805 0.689425 0.280588 49.987 -0.164889 -0.230577 0.958982 0.223714
0.894354 0.445334 -0.0425261 109.624 -0.424027 0.874167 0.236715 45.7585 0.142592 -0.193675 0.970648 2.21552
0.761035 -0.647463 -0.0402127 90.9192 0.63063 0.723868 0.279859 51.3172 -0.152089 -0.238342 0.959199 0.169844
0.90126 0.431504 -0.0391781 110.85 -0.411112 0.880198 0.237148 46.7087 0.136815 -0.197625 0.970683 2.24345
0.793676 -0.607015 -0.0401442 91.7007 0.592196 0.755827 0.279336 52.5526 -0.139219 -0.245476 0.959354 0.128027
0.906693 0.420153 -0.0371279 112.115 -0.400421 0.885079 0.237274 47.6369 0.132552 -0.200268 0.970733 2.28224
0.825326 -0.563299 -0.0391273 92.5503 0.550464 0.78721 0.278011 53.8388 -0.125802 -0.250988 0.959781 0.0666461
0.909715 0.413534 -0.0375209 113.43 -0.393808 0.887897 0.237812 48.7039 0.131658 -0.201565 0.970586 2.31247
0.852479 -0.521303 -0.0390191 93.5137 0.510654 0.814442 0.275529 55.3933 -0.111855 -0.254808 0.960501 0.0233518
0.918186 0.394004 -0.0411626 115.575 -0.372625 0.894262 0.247884 49.8577 0.134477 -0.212265 0.967915 2.40618
0.876454 -0.479924 -0.0387366 94.3736 0.471096 0.83814 0.274935 56.7732 -0.0994813 -0.259217 0.960682 -0.0101394
0.923561 0.381504 -0.0385868 117.018 -0.36049 0.89815 0.251741 51.1681 0.130697 -0.218588 0.967025 2.41453
0.896175 -0.441929 -0.0396085 95.375 0.434885 0.857158 0.275962 58.2255 -0.0880047 -0.264535 0.960352 -0.0192642
0.924828 0.378925 -0.0333073 118.634 -0.358972 0.898376 0.2531 52.8019 0.125828 -0.222118 0.966867 2.42038
0.943696 -0.329203 -0.0326031 96.9674 0.324964 0.904045 0.277672 60.3493 -0.0619357 -0.272633 0.960123 -0.0798225
0.930672 0.364544 -0.0309517 120.939 -0.345478 0.903526 0.253545 54.2249 0.120394 -0.225274 0.966828 2.50933
0.96024 -0.277319 -0.0321598 97.9538 0.275302 0.921478 0.274021 61.8851 -0.0463566 -0.271979 0.961186 -0.0965288
0.934208 0.355543 -0.0290485 122.376 -0.337045 0.906407 0.254611 55.5596 0.116855 -0.228069 0.966607 2.50999
0.973104 -0.228254 -0.0311234 98.9283 0.228035 0.93525 0.270754 63.2598 -0.0326927 -0.270569 0.962145 -0.0936987
0.936638 0.349217 -0.0275105 123.819 -0.33115 0.908314 0.255549 56.8225 0.11423 -0.230247 0.966405 2.51182
0.982518 -0.183599 -0.0308158 99.9617 0.185011 0.944528 0.271363 64.6549 -0.0207157 -0.272321 0.961984 -0.0986911
0.936986 0.348481 -0.024885 125.345 -0.330703 0.907644 0.258492 58.1993 0.112666 -0.233973 0.965693 2.50855
0.988725 -0.146581 -0.0306169 101.155 0.149315 0.949597 0.275627 66.3729 -0.0113278 -0.27709 0.960777 -0.138307
0.94321 0.331405 -0.0229204 127.785 -0.313872 0.911657 0.265266 59.8736 0.108806 -0.243008 0.963903 2.56472
0.991804 -0.122379 -0.0367077 102.293 0.127762 0.952055 0.27797 67.9273 0.00093004 -0.280382 0.959888 -0.156412
0.944618 0.327585 -0.0196309 129.628 -0.310942 0.912547 0.265654 61.9332 0.104938 -0.244838 0.963868 2.53978
0.9982 -0.0466905 -0.0376387 104.099 0.0549406 0.963568 0.261759 70.0704 0.0240458 -0.263356 0.964399 -0.15603
0.94455 0.327937 -0.0168115 132.3 -0.311782 0.91173 0.267469 64.0647 0.103041 -0.247397 0.96342 2.59897
0.99925 0.0239889 -0.030411 105.839 -0.0153374 0.966009 0.258052 72.2607 0.0355677 -0.257392 0.965652 -0.142259
0.946709 0.321415 -0.0208494 134.714 -0.304393 0.913978 0.268309 65.783 0.105294 -0.247664 0.963107 2.63492
0.998463 0.0429086 -0.0350729 106.833 -0.0320097 0.963147 0.267065 73.6024 0.0452397 -0.265532 0.96304 -0.180163
0.94946 0.313136 -0.0217327 136.16 -0.296197 0.916709 0.268163 67.2274 0.103894 -0.248173 0.963128 2.60967
0.99764 0.0559093 -0.0398598 107.79 -0.0429639 0.961117 0.272779 74.7114 0.0535608 -0.270423 0.961251 -0.191736
0.951568 0.306645 -0.022093 137.562 -0.289681 0.918353 0.269654 68.5977 0.102977 -0.250194 0.962704 2.58948
0.996917 0.0650235 -0.0439214 108.713 -0.0506185 0.960618 0.273223 75.7576 0.0599575 -0.270157 0.960948 -0.198622
0.953005 0.302084 -0.0229559 138.951 -0.285139 0.919985 0.268931 69.9888 0.102359 -0.249747 0.962886 2.56285
0.996335 0.0700874 -0.0490383 109.651 -0.0544465 0.961771 0.268387 76.8316 0.0659741 -0.264733 0.962062 -0.193212
0.95351 0.300419 -0.0238299 140.372 -0.283231 0.92035 0.269696 71.5192 0.102954 -0.250408 0.962651 2.53774
0.996369 0.0645178 -0.0555543 110.699 -0.0478551 0.964063 0.261327 78.205 0.0704181 -0.257719 0.96365 -0.219815
0.958151 0.284519 -0.0315607 142.598 -0.265908 0.925422 0.269977 73.4215 0.106021 -0.250287 0.962349 2.55801
0.996547 0.0466803 -0.0686659 111.664 -0.0272415 0.965037 0.260693 79.2128 0.0784344 -0.257923 0.962977 -0.185021
0.962586 0.268573 -0.0360034 144.093 -0.249207 0.929587 0.271593 75.5276 0.106411 -0.252459 0.961738 2.49625
0.995348 0.0674523 -0.0687891 113.142 -0.0468544 0.962799 0.266125 80.5766 0.0841809 -0.261664 0.961481 -0.14922
0.964531 0.261046 -0.0391837 145.418 -0.241087 0.931611 0.271988 77.1442 0.107505 -0.252894 0.961503 2.4718
0.995712 0.0632357 -0.0675243 114.098 -0.0431729 0.963178 0.265377 81.7416 0.0818192 -0.261324 0.961777 -0.148984
0.965246 0.258084 -0.0411474 146.729 -0.237725 0.932469 0.27201 78.8366 0.10857 -0.252774 0.961414 2.43658
0.996517 0.0452977 -0.0700151 115.209 -0.0251856 0.963881 0.265139 83.2427 0.0794964 -0.262452 0.961665 -0.186565
0.968179 0.246097 -0.0454511 148.816 -0.224978 0.935446 0.272627 81.2391 0.10961 -0.253726 0.961046 2.43014
0.995481 0.0624366 -0.0715501 116.717 -0.0419458 0.965083 0.258564 84.7492 0.0851957 -0.254395 0.963341 -0.147027
0.970848 0.235016 -0.0471366 150.021 -0.214053 0.938551 0.270747 82.9934 0.10787 -0.252765 0.961496 2.39332
0.995932 0.0504322 -0.0746677 117.689 -0.0298423 0.966539 0.254778 86.0172 0.0850182 -0.251514 0.964112 -0.157606
0.972284 0.228949 -0.0473909 151.212 -0.20844 0.940637 0.267872 84.8095 0.105907 -0.25057 0.962288 2.36059
0.996551 0.0202253 -0.0804761 118.748 0.000836762 0.967342 0.253474 87.6371 0.0829745 -0.252668 0.963989 -0.169175
0.97735 0.205545 -0.0503765 153.158 -0.185542 0.946738 0.263177 87.4861 0.101788 -0.247869 0.963431 2.36038
0.996389 0.0116392 -0.0841096 120.329 0.00997033 0.967671 0.252019 89.4524 0.0843237 -0.251947 0.96406 -0.168003
0.97837 0.200484 -0.0509762 154.302 -0.180778 0.94842 0.26042 89.8432 0.100557 -0.245572 0.964149 2.30079
0.99622 0.0178479 -0.0850183 121.971 0.00394043 0.968376 0.249464 91.7154 0.0867821 -0.248856 0.964645 -0.17029
0.982552 0.177007 -0.0571057 155.963 -0.156698 0.953215 0.258508 91.9606 0.100192 -0.245049 0.96432 2.30497
0.996123 0.00577286 -0.0877773 122.893 0.0162791 0.968511 0.248437 93.0791 0.0864475 -0.248903 0.964663 -0.191862
0.9859 0.155164 -0.0626566 156.882 -0.134317 0.957108 0.256716 93.7203 0.0998021 -0.24468 0.964454 2.26731
0.9959 -0.0103777 -0.0898597 123.845 0.0325057 0.968099 0.248451 94.2588 0.0844147 -0.250354 0.964467 -0.217179
0.988821 0.133179 -0.06705 157.776 -0.112033 0.96035 0.255295 95.3932 0.0983914 -0.244929 0.964535 2.22317
0.99504 -0.0283869 -0.0953371 124.8 0.0507705 0.969112 0.241339 95.4152 0.0855414 -0.244982 0.965747 -0.231154
0.991364 0.110077 -0.0712767 158.673 -0.0886082 0.962947 0.254717 97.1971 0.0966742 -0.246202 0.964385 2.18645
0.993415 -0.054905 -0.10056 125.809 0.0774591 0.96857 0.236372 96.795 0.0844217 -0.242605 0.966445 -0.258053
0.992704 0.0959989 -0.0729546 159.614 -0.074394 0.963818 0.25597 99.5374 0.0948878 -0.248675 0.963928 2.12353
0.991934 -0.0732565 -0.103438 127.563 0.0958905 0.967391 0.234434 99.1853 0.0828912 -0.242462 0.966613 -0.304327
0.995604 0.0515297 -0.078208 161.007 -0.0300004 0.966503 0.254897 102.206 0.088723 -0.251431 0.9638 2.10305
0.991431 -0.0778624 -0.104889 129.279 0.100889 0.966456 0.236188 101.45 0.0829805 -0.244746 0.96603 -0.311056
0.996073 0.0353836 -0.0811572 161.785 -0.0136757 0.967155 0.253821 104.133 0.0874727 -0.251714 0.96384 2.08079
0.989577 -0.0950515 -0.108174 130.342 0.118449 0.964486 0.236088 103.616 0.0818916 -0.246441 0.965692 -0.379106
0.995526 -0.0293169 -0.0898251 163.057 0.051455 0.965533 0.255145 106.812 0.0792491 -0.258625 0.962721 2.05348
0.989767 -0.0965019 -0.105108 132.065 0.119004 0.964707 0.234902 105.875 0.0787299 -0.245007 0.96632 -0.376694
0.994293 -0.0563462 -0.0905923 163.801 0.0778714 0.963732 0.255257 108.733 0.072924 -0.260855 0.96262 2.03651
0.987657 -0.110901 -0.110612 133.118 0.134512 0.962351 0.236193 108.027 0.0802537 -0.248157 0.96539 -0.398525
0.98467 -0.148638 -0.0912759 165.019 0.167467 0.951952 0.256404 111.471 0.0487788 -0.267759 0.96225 2.01387
0.986794 -0.110619 -0.118324 134.89 0.136132 0.962237 0.23573 110.279 0.0877795 -0.248724 0.964588 -0.367154
0.978144 -0.188156 -0.0884966 165.742 0.204934 0.944355 0.257284 113.398 0.0351627 -0.269797 0.962275 2.01351
0.984618 -0.122172 -0.124908 135.917 0.148884 0.960804 0.233856 112.417 0.0914416 -0.248856 0.964214 -0.375773
0.950352 -0.298065 -0.0893788 166.892 0.311157 0.913597 0.261766 116.181 0.00363275 -0.276581 0.960984 2.00056
0.985421 -0.113863 -0.126418 137.753 0.142055 0.959554 0.243057 114.563 0.0936299 -0.257471 0.961739 -0.319679
0.932757 -0.348686 -0.0915546 167.534 0.360404 0.895887 0.2598 118.086 -0.00856615 -0.275327 0.961312 1.99284
0.9841 -0.120888 -0.130125 138.71 0.149396 0.959622 0.23834 116.461 0.096058 -0.253991 0.962425 -0.329435
0.870372 -0.481638 -0.102356 168.573 0.491171 0.834604 0.249375 120.595 -0.0346816 -0.267323 0.962983 1.97449
0.980479 -0.141127 -0.136912 139.763 0.171125 0.9554 0.240681 117.938 0.0968396 -0.259412 0.960899 -0.327051
0.829402 -0.547623 -0.110461 169.128 0.55685 0.794534 0.242144 122.942 -0.0448382 -0.262345 0.963932 1.93205
0.979356 -0.14303 -0.142842 141.528 0.174322 0.955348 0.238584 119.995 0.102339 -0.258559 0.960559 -0.257976
0.7324 -0.669403 -0.124459 169.948 0.676969 0.69638 0.238258 125.334 -0.0728202 -0.258755 0.963194 1.84332
0.975901 -0.158471 -0.150013 142.551 0.191168 0.952377 0.237556 121.308 0.105223 -0.260508 0.95972 -0.257011
0.677945 -0.723337 -0.131055 170.4 0.730117 0.641801 0.234563 127.438 -0.085557 -0.254706 0.963226 1.78865
0.975778 -0.154812 -0.154567 144.27 0.189495 0.951188 0.243583 123.145 0.109312 -0.266973 0.957484 -0.19209
0.557363 -0.819301 -0.134505 171.085 0.821133 0.519981 0.235289 129.826 -0.122832 -0.241588 0.962573 1.6813
0.972461 -0.167683 -0.161872 145.35 0.204742 0.946465 0.24957 124.422 0.111357 -0.275839 0.954732 -0.147323
0.492466 -0.859555 -0.136538 171.481 0.858504 0.453983 0.238474 131.93 -0.142996 -0.234659 0.961503 1.60161
0.9733 -0.161317 -0.163289 147.119 0.198456 0.94886 0.24552 126.195 0.115332 -0.27137 0.95554 -0.0643257
0.360403 -0.922116 -0.140756 172.047 0.914717 0.319805 0.247017 134.361 -0.182763 -0.217777 0.958734 1.46403
0.969776 -0.172431 -0.172633 148.237 0.211418 0.947031 0.241734 127.389 0.121806 -0.270926 0.954863 -0.0086295
0.293219 -0.944611 -0.147419 172.396 0.935012 0.251172 0.250332 136.417 -0.199439 -0.211241 0.956871 1.3907
0.970012 -0.164572 -0.178866 150.114 0.205044 0.949222 0.238608 128.959 0.130516 -0.268128 0.954501 0.125089
0.184761 -0.968976 -0.164163 172.796 0.957467 0.139803 0.252413 138.834 -0.221631 -0.203817 0.953592 1.23496
0.971498 -0.152304 -0.181645 151.906 0.193564 0.952033 0.236996 130.262 0.136837 -0.265401 0.954378 0.262416
0.132918 -0.975453 -0.175571 173.045 0.96484 0.0868191 0.248086 140.412 -0.226754 -0.202373 0.952695 1.14339
0.969516 -0.154516 -0.190169 153.031 0.197566 0.952028 0.233687 131.151 0.144938 -0.264134 0.953534 0.333154
0.0864748 -0.978804 -0.185645 173.298 0.9693 0.0396091 0.24267 141.886 -0.230173 -0.200931 0.95218 1.03564
0.967647 -0.156201 -0.198141 154.091 0.201362 0.951293 0.233441 132.005 0.152027 -0.265787 0.951969 0.407519
0.0478493 -0.980755 -0.18929 173.547 0.971125 0.0013353 0.238566 143.361 -0.233722 -0.195239 0.9525 0.957664
0.964925 -0.161502 -0.206973 155.237 0.208807 0.949992 0.232196 132.869 0.159122 -0.267269 0.950393 0.461967
0.0151481 -0.980794 -0.194456 173.789 0.971487 -0.0315834 0.234979 144.865 -0.236607 -0.192471 0.952351 0.872096
0.961626 -0.169027 -0.216112 156.415 0.217567 0.949679 0.22533 133.81 0.167151 -0.263702 0.950012 0.534677
-0.0157084 -0.978432 -0.20597 174.034 0.97062 -0.0643884 0.231844 146.515 -0.240105 -0.196277 0.950697 0.770813
0.957579 -0.179753 -0.225234 157.663 0.229313 0.94867 0.21781 134.896 0.174521 -0.26022 0.949646 0.625707
-0.0418057 -0.974841 -0.218944 174.328 0.96936 -0.0926651 0.227497 148.424 -0.242062 -0.202725 0.948846 0.638647
0.956858 -0.173084 -0.233375 159.59 0.223548 0.951628 0.210786 136.434 0.185602 -0.253863 0.949266 0.821275
-0.0698598 -0.968396 -0.239434 174.622 0.968368 -0.123471 0.216839 150.831 -0.239549 -0.216712 0.946389 0.41806
0.955826 -0.169854 -0.239886 161.534 0.221268 0.953024 0.206846 137.817 0.193484 -0.250788 0.948509 1.0227
-0.0879707 -0.964723 -0.248135 174.892 0.967892 -0.141667 0.207644 152.501 -0.235472 -0.221901 0.94621 0.329317
0.952464 -0.178753 -0.246699 162.764 0.230437 0.952398 0.19959 138.89 0.199279 -0.246951 0.948316 1.12717
-0.102674 -0.961935 -0.253258 175.179 0.967522 -0.155701 0.199143 154.151 -0.230996 -0.224585 0.94668 0.237471
0.948364 -0.192389 -0.252174 164.031 0.243434 0.951158 0.189836 140.043 0.203335 -0.241422 0.948878 1.21259
-0.115274 -0.959305 -0.257769 175.512 0.967813 -0.16691 0.18836 156.011 -0.223719 -0.22776 0.947668 0.139854
0.945857 -0.199307 -0.256186 165.915 0.249281 0.95154 0.180084 141.602 0.207879 -0.234196 0.949705 1.4216
-0.121773 -0.953927 -0.274215 175.829 0.968993 -0.174098 0.175334 158.42 -0.214997 -0.244362 0.945549 -0.0576435
0.940503 -0.210812 -0.266483 167.683 0.26151 0.949833 0.171549 142.999 0.216949 -0.231031 0.94845 1.60874
-0.129409 -0.949398 -0.286177 176.071 0.968186 -0.183312 0.170329 160.032 -0.21417 -0.25503 0.942916 -0.143701
0.934777 -0.224277 -0.275486 168.79 0.2751 0.947677 0.161951 144.011 0.224749 -0.227175 0.947565 1.67561
-0.135615 -0.946117 -0.29406 176.315 0.967525 -0.19037 0.166297 161.542 -0.213316 -0.261958 0.941209 -0.218654
0.928464 -0.237629 -0.285458 169.888 0.289643 0.944343 0.155961 145.031 0.232509 -0.227485 0.945616 1.73904
-0.141733 -0.942905 -0.301399 176.58 0.966678 -0.197405 0.162986 163.105 -0.213178 -0.268256 0.939465 -0.309994
0.918024 -0.264156 -0.295727 171.449 0.317821 0.936145 0.150407 146.268 0.237112 -0.232065 0.943358 1.92509
-0.1426 -0.942281 -0.30294 176.754 0.966626 -0.198396 0.162089 165.128 -0.212835 -0.269715 0.939124 -0.515546
0.908942 -0.285254 -0.304064 172.374 0.338895 0.930303 0.140309 147.144 0.242848 -0.230578 0.942263 1.96628
-0.149503 -0.940158 -0.30619 176.86 0.967122 -0.203474 0.152553 166.539 -0.205725 -0.273316 0.939668 -0.613199
0.891496 -0.325172 -0.315434 173.545 0.379807 0.916007 0.129145 148.228 0.246946 -0.234936 0.940118 2.09807
-0.160269 -0.937294 -0.309505 176.821 0.96741 -0.21143 0.139339 167.829 -0.196041 -0.277087 0.940633 -0.702763
0.876613 -0.354151 -0.32577 174.203 0.409228 0.904831 0.117532 149.061 0.253143 -0.236344 0.938115 2.11615
-0.170619 -0.932495 -0.318342 176.685 0.967674 -0.219474 0.124251 169.067 -0.185732 -0.286851 0.939798 -0.782337
0.859792 -0.384886 -0.335591 174.687 0.44123 0.890772 0.108823 149.888 0.25705 -0.241638 0.935701 2.17793
-0.179337 -0.926543 -0.33069 176.397 0.967346 -0.227277 0.112194 170.35 -0.179111 -0.299771 0.937047 -0.84805
0.825076 -0.448409 -0.34377 175.346 0.507752 0.855327 0.102969 151.008 0.247864 -0.259507 0.933391 2.32867
-0.187251 -0.921111 -0.341309 175.978 0.965802 -0.236069 0.107228 171.559 -0.179342 -0.309559 0.933815 -0.917687
0.800713 -0.48581 -0.350495 175.552 0.546982 0.831496 0.0970809 151.756 0.244272 -0.269449 0.93152 2.41268
-0.193438 -0.91652 -0.350102 175.338 0.963298 -0.245115 0.109437 173.404 -0.186117 -0.316084 0.930297 -1.06344
0.771408 -0.527674 -0.355655 175.669 0.590198 0.802241 0.0898652 152.434 0.237901 -0.279229 0.930287 2.49029
-0.201317 -0.911187 -0.359458 174.707 0.962622 -0.251921 0.0994699 174.428 -0.181191 -0.325997 0.927845 -1.10321
0.737134 -0.570847 -0.361618 175.557 0.63527 0.767832 0.0828614 153.082 0.23036 -0.290805 0.928637 2.50644
-0.207335 -0.906658 -0.367402 173.867 0.962939 -0.255374 0.0867879 175.458 -0.172512 -0.335792 0.926004 -1.15968
0.667943 -0.647057 -0.367654 175.441 0.715225 0.694658 0.0768286 154.081 0.205681 -0.314273 0.926784 2.59319
-0.223041 -0.901126 -0.371786 172.81 0.961255 -0.266694 0.0697308 177.042 -0.161989 -0.341828 0.925696 -1.33818
0.620431 -0.690105 -0.372587 175.093 0.759048 0.647887 0.0639501 154.548 0.197262 -0.322488 0.925791 2.58394
-0.230743 -0.896159 -0.37902 171.935 0.959992 -0.27319 0.061502 177.867 -0.15866 -0.349665 0.923342 -1.39634
0.56382 -0.733219 -0.380128 174.715 0.804204 0.5922 0.0505466 154.992 0.18805 -0.3342 0.923552 2.58548
-0.234994 -0.893361 -0.382993 170.992 0.959355 -0.276515 0.056359 178.672 -0.156252 -0.354182 0.92203 -1.44106
0.504981 -0.772168 -0.385683 174.187 0.844748 0.533871 0.0371888 155.381 0.177189 -0.344584 0.921882 2.58285
-0.236794 -0.890508 -0.388489 169.934 0.95915 -0.277973 0.052553 179.4 -0.154788 -0.360175 0.919954 -1.46954
0.441312 -0.806389 -0.393674 173.422 0.881889 0.470839 0.0241546 155.75 0.165879 -0.357837 0.918933 2.57227
-0.2464 -0.887419 -0.389583 168.44 0.957094 -0.28606 0.0462752 180.801 -0.15251 -0.361465 0.919828 -1.58499
0.374374 -0.836454 -0.400236 172.749 0.914597 0.404224 0.0107095 156.041 0.152827 -0.370064 0.91635 2.56011
-0.252756 -0.882387 -0.396873 167.205 0.956016 -0.290863 0.0378332 181.371 -0.148819 -0.369855 0.917093 -1.58863
0.303186 -0.862357 -0.405487 171.974 0.94289 0.333088 -0.00337867 156.303 0.137976 -0.381305 0.914095 2.58411
-0.253496 -0.878598 -0.404729 165.868 0.9567 -0.289586 0.0294263 181.844 -0.143058 -0.379745 0.913963 -1.56329
0.230077 -0.883552 -0.407921 170.923 0.965846 0.258652 -0.0154786 156.318 0.119186 -0.390428 0.912886 2.63477
-0.258259 -0.869215 -0.421625 163.901 0.956897 -0.290175 0.012089 182.649 -0.132853 -0.40033 0.90669 -1.54277
0.118855 -0.902888 -0.413117 169.727 0.99093 0.134135 -0.00806423 156.079 0.0626946 -0.408412 0.910642 2.78779
-0.243084 -0.866673 -0.435647 162.834 0.961346 -0.275126 0.0109171 181.698 -0.129319 -0.416154 0.900051 -1.28433
-0.196332 -0.87316 -0.446145 162.138 0.972143 -0.232744 0.0277041 183.327 -0.128028 -0.428278 0.894532 -1.49635
0.112746 -0.896244 -0.428992 166.694 0.992834 0.118826 0.0126842 156.283 0.0396072 -0.427348 0.903219 2.83853
-0.186347 -0.873596 -0.449561 160.313 0.974828 -0.221415 0.0261838 185.845 -0.122414 -0.433365 0.892866 -1.7951
0.0585151 -0.898928 -0.434171 164.893 0.998166 0.059453 0.0114326 157.81 0.0155357 -0.434043 0.900758 2.61883
-0.173769 -0.875266 -0.451346 158.339 0.977693 -0.208242 0.0274176 187.41 -0.117987 -0.436513 0.891928 -1.90602
-0.0174908 -0.895176 -0.44537 162.766 0.999209 -0.0315635 0.0242 159.128 -0.0357207 -0.444594 0.895019 2.55862
-0.155803 -0.877543 -0.453481 156.676 0.981064 -0.190947 0.0324411 188.672 -0.115059 -0.439839 0.890676 -1.92612
-0.0517718 -0.888747 -0.455465 160.619 0.997327 -0.0695591 0.0223664 159.873 -0.0515598 -0.453089 0.889973 2.48906
-0.159409 -0.874651 -0.457793 154.406 0.980998 -0.192294 0.0257975 190.569 -0.110595 -0.444982 0.888684 -1.95594
-0.0932567 -0.882182 -0.461582 158.848 0.993818 -0.110527 0.0104535 160.587 -0.0602394 -0.457754 0.887036 2.4236
-0.153665 -0.8706 -0.467378 152.217 0.982005 -0.187103 0.0256588 191.671 -0.109787 -0.455025 0.883685 -1.8982
-0.133196 -0.874928 -0.465575 156.605 0.987867 -0.155053 0.00876456 161.718 -0.0798571 -0.458759 0.884965 2.34274
-0.137574 -0.868584 -0.476063 150.374 0.984495 -0.172717 0.0306231 192.831 -0.108823 -0.464469 0.878878 -1.87565
-0.154773 -0.871068 -0.46614 154.303 0.984612 -0.174756 -0.000359469 162.464 -0.0811475 -0.459023 0.884711 2.29271
-0.150344 -0.871345 -0.46707 147.587 0.985041 -0.172266 0.00429913 194.702 -0.0842063 -0.459437 0.88421 -1.89113
-0.166898 -0.86152 -0.479508 151.878 0.982245 -0.187539 -0.00493415 163.675 -0.0856757 -0.471818 0.877524 2.16033
-0.139035 -0.87284 -0.467781 145.285 0.987563 -0.157224 -0.000157844 195.814 -0.0734088 -0.461985 0.883844 -1.82818
-0.159736 -0.854053 -0.495053 149.068 0.983962 -0.178083 -0.0102663 164.917 -0.0793925 -0.488753 0.868802 2.01845
-0.131316 -0.869622 -0.475934 142.913 0.986871 -0.160211 0.0204462 197.687 -0.0940303 -0.467001 0.879243 -1.83711
-0.163149 -0.852767 -0.496157 146.985 0.984251 -0.175371 -0.0222286 165.645 -0.0680559 -0.49197 0.867948 1.92514
-0.113625 -0.870262 -0.479305 140.629 0.988229 -0.148739 0.0357908 198.785 -0.102439 -0.469597 0.876918 -1.74864
-0.152408 -0.851983 -0.500895 144.181 0.986802 -0.159241 -0.0293997 166.946 -0.0547151 -0.498765 0.865008 1.87336
-0.122125 -0.867036 -0.483046 137.991 0.989172 -0.146238 0.0124017 200.57 -0.0813922 -0.476301 0.875507 -1.72944
-0.123175 -0.85086 -0.510749 141.675 0.991483 -0.127451 -0.02679 168.219 -0.0423011 -0.509699 0.859312 1.78943
-0.108079 -0.865652 -0.488841 136.307 0.991618 -0.128889 0.00900101 201.59 -0.0707978 -0.483771 0.872326 -1.66742
-0.115441 -0.847886 -0.517457 139.364 0.992667 -0.117285 -0.0292782 168.93 -0.0358652 -0.517042 0.855208 1.76423
-0.109711 -0.865022 -0.489593 133.834 0.991558 -0.129498 0.00660393 203.314 -0.0691136 -0.484735 0.871926 -1.58816
-0.0848864 -0.852175 -0.516326 136.994 0.995853 -0.089584 -0.0158683 170.171 -0.0327319 -0.515532 0.856245 1.74236
-0.0947587 -0.865515 -0.491838 132.299 0.993287 -0.115129 0.0112295 204.212 -0.0663441 -0.487473 0.870614 -1.51045
-0.0711228 -0.850649 -0.520901 134.849 0.996964 -0.0772229 -0.0100159 170.88 -0.0317054 -0.520032 0.853558 1.6986
-0.108327 -0.859695 -0.499189 130.303 0.992073 -0.125657 0.00111879 205.795 -0.0636884 -0.495111 0.866492 -1.45402
-0.0669065 -0.850302 -0.522024 133.306 0.997417 -0.0707083 -0.0126627 171.461 -0.0261443 -0.521523 0.852837 1.64307
-0.111429 -0.856169 -0.504538 128.737 0.991997 -0.126161 -0.0050006 206.569 -0.0593714 -0.501058 0.863375 -1.3707
-0.0672695 -0.85172 -0.519662 131.889 0.997567 -0.0669539 -0.0193971 172.123 -0.0182725 -0.519703 0.854152 1.5886
-0.111997 -0.852972 -0.509799 127.238 0.992072 -0.125408 -0.00812074 207.32 -0.057006 -0.506667 0.860255 -1.29674
-0.0682215 -0.852561 -0.518157 130.451 0.997635 -0.0626516 -0.0282653 172.697 -0.00836547 -0.51886 0.854819 1.54975
-0.108612 -0.851305 -0.513306 125.723 0.992489 -0.122107 -0.0074918 208.061 -0.0563006 -0.510264 0.858173 -1.22771
-0.0764763 -0.84884 -0.523089 128.877 0.997071 -0.0644819 -0.0411355 173.248 0.00118774 -0.524702 0.851285 1.51581
-0.0948568 -0.852191 -0.514561 123.837 0.994078 -0.108619 -0.00336343 208.744 -0.0530249 -0.511833 0.857447 -1.12917
-0.0648478 -0.841346 -0.536593 126.455 0.997885 -0.0522895 -0.0386088 174.414 0.00442516 -0.537962 0.842957 1.49895
-0.10163 -0.854037 -0.510189 122.006 0.993713 -0.111362 -0.0115331 210.101 -0.046966 -0.508154 0.859985 -1.06367
-0.0579562 -0.840628 -0.538503 124.725 0.998317 -0.0476707 -0.0330274 174.903 0.00209292 -0.539511 0.841976 1.45995
-0.0874627 -0.855041 -0.511131 120.415 0.995103 -0.0987046 -0.00516092 210.672 -0.0460382 -0.509079 0.859488 -0.971452
-0.0337239 -0.843437 -0.536168 122.406 0.99943 -0.0292845 -0.0167953 175.974 -0.00153566 -0.536429 0.843944 1.44718
-0.0813439 -0.85379 -0.514223 119.023 0.994911 -0.100332 0.00920301 211.92 -0.0594504 -0.510858 0.857607 -0.951716
-0.0192096 -0.840227 -0.541894 120.846 0.999805 -0.0136927 -0.0142111 176.396 0.00452061 -0.542061 0.840327 1.41901
-0.0592539 -0.853093 -0.518384 118.055 0.996055 -0.0848867 0.0258419 212.43 -0.0660494 -0.514808 0.854757 -0.90081
-0.0120161 -0.838566 -0.544667 119.142 0.999851 -0.00334083 -0.0169145 176.772 0.0123643 -0.54479 0.838482 1.42507
-0.0558366 -0.851377 -0.521574 116.578 0.996325 -0.0814919 0.0263603 213.587 -0.0649467 -0.518186 0.852798 -0.873773
0.00946116 -0.835778 -0.548986 117.434 0.999879 0.0146926 -0.00513628 177.791 0.0123588 -0.548871 0.835816 1.39087
-0.0383039 -0.852958 -0.520572 115.891 0.997632 -0.0624202 0.0288693 213.916 -0.0571185 -0.518234 0.853329 -0.82147
0.0276182 -0.83423 -0.550725 115.802 0.999534 0.0302306 0.00433252 178.084 0.0130344 -0.550588 0.834676 1.40367
-0.0288391 -0.852447 -0.522018 114.875 0.997986 -0.0540715 0.0331638 214.942 -0.0564967 -0.52001 0.85229 -0.818996
