0.469817 -0.881989 0.0369756 0.667942 0.882764 0.469406 -0.0196586 0.541651 -1.78717e-05 0.0418767 0.999123 0.782897
0.46782 -0.883261 0.031537 1.4903 0.883821 0.467443 -0.0188854 2.13019 0.00193893 0.0367081 0.999324 0.789499
0.46473 -0.884843 0.03284 2.3158 0.885452 0.464425 -0.0168287 3.73723 -0.000360911 0.0368991 0.999319 0.803493
0.462422 -0.886022 0.0336381 3.15983 0.88666 0.462071 -0.0180129 5.35959 0.00041664 0.0381551 0.999272 0.812051
0.461088 -0.886695 0.034212 4.00573 0.887354 0.460766 -0.0172404 7.00855 -0.000476787 0.0383075 0.999266 0.822558
0.461304 -0.886552 0.0350055 4.85917 0.887216 0.461235 -0.0104948 8.671 -0.00684159 0.0358988 0.999332 0.829131
0.463728 -0.885066 0.0401831 5.72858 0.885916 0.463753 -0.00928161 10.3508 -0.0104202 0.039903 0.999149 0.825841
0.46634 -0.883792 0.037929 6.60436 0.884598 0.46609 -0.0157213 12.0491 -0.00378395 0.0408834 0.999157 0.817172
0.467954 -0.883093 0.0341353 7.50145 0.883752 0.467647 -0.0169627 13.7599 -0.000983604 0.0381049 0.999273 0.81957
0.467018 -0.883182 0.0434057 8.41931 0.884207 0.466903 -0.013372 15.4916 -0.00845636 0.0446246 0.998968 0.822813
0.464659 -0.883807 0.0545671 9.34298 0.885479 0.464073 -0.0237204 17.2277 -0.00435884 0.0593399 0.998228 0.82727
0.46181 -0.885727 0.0470988 10.2725 0.886978 0.461083 -0.0259413 19.0285 0.00126045 0.0537555 0.998553 0.839663
0.459636 -0.886945 0.0454309 11.2004 0.888104 0.459164 -0.0209633 20.8417 -0.00226695 0.0499829 0.998748 0.868381
0.456933 -0.888782 0.035755 12.1345 0.889487 0.456781 -0.0127904 22.6912 -0.00496436 0.0376479 0.999279 0.902154
0.457367 -0.888527 0.0365453 13.0811 0.889209 0.457458 -0.00630924 24.5517 -0.011112 0.0353821 0.999312 0.917656
0.456593 -0.888957 0.0357626 13.9993 0.88963 0.456607 -0.00825451 26.3528 -0.00899156 0.0355845 0.999326 0.9293
0.456157 -0.889381 0.0303591 14.8472 0.889871 0.456149 -0.00760427 28.1209 -0.00708518 0.0304844 0.99951 0.925873
0.454996 -0.889961 0.0307858 15.7919 0.890437 0.455084 -0.00449419 29.9165 -0.0100105 0.0294577 0.999516 0.934739
0.453595 -0.890583 0.0333754 16.6525 0.891199 0.453439 -0.0125536 31.687 -0.00395369 0.0354383 0.999364 0.933502
0.453198 -0.891095 0.0236758 17.5709 0.891394 0.453186 -0.00618666 33.4481 -0.00521661 0.0239082 0.999701 0.969814
0.453209 -0.890758 0.0339445 18.4313 0.891349 0.453276 -0.00614084 35.2083 -0.00991623 0.0330395 0.999405 0.963672
0.453244 -0.890606 0.0372904 19.3261 0.891348 0.453216 -0.00970067 36.9032 -0.00826111 0.0376355 0.999257 0.960786
0.451866 -0.891378 0.0355263 20.1737 0.892004 0.452006 -0.00445325 38.6459 -0.0120885 0.0337018 0.999359 0.974713
0.450362 -0.891742 0.0443846 21.0709 0.892621 0.450809 4.88705e-05 40.3651 -0.0200525 0.0395966 0.999015 0.966555
0.447697 -0.893246 0.0409686 21.8804 0.894121 0.447743 -0.00856374 42.0622 -0.0106938 0.0404648 0.999124 0.932708
0.446393 -0.894412 0.0275814 22.6896 0.894817 0.446376 -0.0071325 43.6461 -0.00593229 0.0278642 0.999594 0.923821
0.444774 -0.895261 0.0261493 23.4821 0.895599 0.444853 -0.00305228 45.2926 -0.00889998 0.0247768 0.999653 0.947128
0.441423 -0.896924 0.0259505 24.257 0.897251 0.441514 -0.00244584 46.8422 -0.00926379 0.0243638 0.99966 0.957232
0.438924 -0.898234 0.0228158 24.98 0.898472 0.43903 -0.000419796 48.3301 -0.00963973 0.0206836 0.99974 0.991352
0.437308 -0.898964 0.0250056 25.6772 0.899214 0.437501 0.0025433 49.81 -0.0132263 0.0213732 0.999684 0.987792
0.433944 -0.900661 0.0224063 26.3904 0.900734 0.434243 0.0105838 51.2329 -0.0192622 0.0155893 0.999693 0.977386
0.431492 -0.901831 0.0227172 27.3028 0.902111 0.431442 -0.00729214 53.2144 -0.00322487 0.0236399 0.999715 0.970335
0.428121 -0.903514 0.0193743 28.1726 0.903697 0.428168 -0.00187875 55.0693 -0.00659798 0.0183128 0.999811 1.0223
0.427846 -0.903456 0.0267345 28.9964 0.903842 0.427522 -0.0171592 56.715 0.004073 0.0315052 0.999495 1.02962
0.438525 -0.89857 0.0163803 29.7261 0.898719 0.438446 -0.00832772 58.2737 0.000301173 0.0183732 0.999831 1.07462
0.459203 -0.887887 0.0281039 30.45 0.888282 0.459282 -0.00394925 59.6882 -0.00940115 0.0267777 0.999597 1.13421
0.507213 -0.861612 0.0189737 31.1874 0.861741 0.507342 0.00243487 61.002 -0.0117241 0.0151155 0.999817 1.13886
0.618587 -0.78534 0.0243123 32.2425 0.785468 0.618873 0.00596439 62.4218 -0.0197303 0.015407 0.999687 1.16291
0.75455 -0.655826 0.0233749 33.5288 0.655916 0.754819 0.00463266 63.535 -0.0206821 0.0118364 0.999716 1.12778
0.895955 -0.44365 0.0209444 34.8744 0.443715 0.896166 0.00167285 64.3348 -0.0195118 0.00779455 0.999779 1.08813
0.989045 -0.145523 0.0247793 36.676 0.145561 0.989349 0.000269999 64.6928 -0.0245547 0.00333985 0.999693 1.07876
0.986598 0.162084 0.0187818 38.9191 -0.161856 0.986727 -0.0130964 64.4973 -0.0206552 0.00988093 0.999738 1.06482
0.948182 0.31732 0.0161059 40.8008 -0.317349 0.948308 -0.000807192 64.0093 -0.0155295 -0.00434582 0.99987 1.03165
0.918615 0.39515 -0.00163934 42.3648 -0.395153 0.918596 -0.0060375 63.3028 -0.000879832 0.00619393 0.99998 1.02669
0.89352 0.448967 0.00710622 44.1078 -0.448887 0.893527 -0.0104644 62.4237 -0.0110478 0.00616031 0.99992 1.01371
0.881707 0.471792 0.00245938 45.5079 -0.471696 0.881612 -0.0162298 61.6568 -0.0098253 0.0131498 0.999865 0.983006
0.873915 0.486079 0.000821511 47.0365 -0.486004 0.873808 -0.0161259 60.8094 -0.00855631 0.0136934 0.99987 0.958553
0.870043 0.492973 0.00163376 48.7362 -0.492883 0.869939 -0.0165028 59.8752 -0.00955672 0.0135529 0.999863 0.948538
0.870671 0.491846 -0.00436295 50.4906 -0.491815 0.870419 -0.0221018 58.8324 -0.00707311 0.0213892 0.999746 0.952162
0.875265 0.483629 -0.00362271 51.7734 -0.483596 0.875052 -0.0204807 58.1242 -0.00673501 0.019678 0.999784 0.91798
0.879553 0.475795 -0.00237705 53.1611 -0.475749 0.879372 -0.0191715 57.3824 -0.0070314 0.0179932 0.999813 0.904412
0.882579 0.470164 0.000486648 54.5515 -0.470051 0.882388 -0.0210576 56.6558 -0.0103299 0.0183562 0.999778 0.894252
0.885761 0.464138 -0.00198064 55.9592 -0.464102 0.88562 -0.0169023 55.9238 -0.0060909 0.0158906 0.999855 0.900486
0.886802 0.462117 -0.00553022 57.4166 -0.46215 0.886732 -0.011092 55.2145 -0.000221997 0.0123922 0.999923 0.919506
0.886186 0.463329 0.000712302 58.9374 -0.463327 0.886184 -0.00226935 54.4123 -0.00168268 0.00168104 0.999997 0.92282
0.886373 0.462963 0.00288372 60.3227 -0.462962 0.886377 -0.00105351 53.7065 -0.0030438 -0.000401248 0.999995 0.931123
0.886541 0.462648 0.00138046 61.8003 -0.462648 0.886542 -0.000382844 52.9741 -0.00140096 -0.000299262 0.999999 0.967066
0.884776 0.466013 0.00202106 63.2735 -0.466017 0.884774 0.0019056 52.2188 -0.000900141 -0.00262787 0.999996 0.961062
0.880952 0.473033 0.0127785 64.72 -0.473184 0.88085 0.0141512 51.4545 -0.00456199 -0.0185131 0.999818 0.991708
0.874595 0.484631 0.0147068 66.1232 -0.484784 0.874583 0.00949818 50.6974 -0.00825921 -0.0154367 0.999847 0.991538
0.864717 0.502086 0.0131998 67.525 -0.502217 0.864688 0.00961688 49.9038 -0.0065852 -0.014945 0.999867 1.02674
0.854277 0.51962 0.0143464 68.9102 -0.519749 0.854287 0.00731197 49.1193 -0.00845652 -0.013703 0.99987 1.02424
0.842218 0.538926 0.0151037 70.2558 -0.539065 0.842234 0.00720637 48.2332 -0.00883715 -0.0142112 0.99986 1.03012
0.829937 0.557589 0.0172666 71.5449 -0.557808 0.829877 0.0124355 47.3996 -0.0073953 -0.0199521 0.999774 1.04059
0.818021 0.57506 0.0121157 72.8279 -0.575172 0.817974 0.00979168 46.53 -0.0042795 -0.0149784 0.999879 1.06341
0.806174 0.591587 0.0104158 74.0126 -0.591668 0.806139 0.00821533 45.6567 -0.00353647 -0.0127857 0.999912 1.07963
0.796701 0.604265 0.0114487 75.2138 -0.604357 0.796677 0.00770521 44.7552 -0.00446491 -0.0130578 0.999905 1.06429
0.790819 0.611963 0.0103605 76.3807 -0.612001 0.790856 0.000711779 43.8592 -0.00775809 -0.00690353 0.999946 1.08697
0.787316 0.616499 0.00789914 78.0081 -0.61647 0.787356 -0.00602301 42.5912 -0.00993261 -0.000127562 0.999951 1.09307
0.792544 0.6098 0.0042835 79.5466 -0.609791 0.792555 -0.00330119 41.4119 -0.00540798 4.30221e-06 0.999985 1.07923
0.812434 0.58304 0.00383669 80.9504 -0.58304 0.812442 -0.00120737 40.3589 -0.00382103 -0.00125604 0.999992 1.11409
0.844403 0.535696 -0.00362822 82.3434 -0.535699 0.844409 0.000321328 39.4986 0.00323583 0.0016723 0.999993 1.1047
0.891653 0.452714 -0.00221322 83.7333 -0.452701 0.891651 0.00445553 38.8216 0.0039905 -0.00297086 0.999988 1.15766
0.959889 0.280206 0.00992178 85.6453 -0.28028 0.959892 0.00706673 38.2053 -0.0075437 -0.00956415 0.999926 1.1921
0.999211 -0.0395028 -0.00415138 87.9778 0.0395007 0.999219 -0.000597532 38.2504 0.00417175 0.000433077 0.999991 1.21866
0.94905 -0.315081 -0.00520427 89.8417 0.315085 0.949063 -0.000119907 38.743 0.00497696 -0.00152599 0.999987 1.22767
0.838405 -0.544924 0.0116031 91.4683 0.544857 0.838485 0.00857474 39.6622 -0.0144016 -0.000867094 0.999896 1.2354
0.734633 -0.678445 0.00520012 92.8564 0.678225 0.734556 0.020928 40.9204 -0.0180182 -0.0118475 0.999767 1.19854
0.698417 -0.715678 0.00429755 93.8818 0.715505 0.69836 0.0185794 41.945 -0.0162981 -0.00990127 0.999818 1.23619
0.686488 -0.727049 -0.0115721 94.9672 0.727028 0.686015 0.0285246 43.0806 -0.0128001 -0.0279951 0.999526 1.19539
0.693159 -0.720539 -0.0188195 96.0749 0.720779 0.692814 0.0220317 44.3304 -0.00283631 -0.0288362 0.99958 1.2228
0.704627 -0.709078 -0.0266261 97.3062 0.709578 0.704102 0.0271978 45.6 -0.00053789 -0.0380575 0.999275 1.18563
0.711492 -0.702569 -0.0132658 98.6717 0.702592 0.710939 0.0305085 47.0089 -0.0120032 -0.031027 0.999447 1.19391
0.715555 -0.698495 -0.00929213 100.109 0.698528 0.715343 0.0185256 48.38 -0.006293 -0.0197469 0.999785 1.18338
0.710193 -0.703509 -0.0264882 101.586 0.704004 0.709798 0.0237665 49.8255 0.00208137 -0.0355266 0.999367 1.17705
0.706013 -0.708071 -0.0134761 102.611 0.708134 0.705564 0.0269461 50.911 -0.00957146 -0.0285672 0.999546 1.19979
0.702889 -0.711105 -0.0166165 103.65 0.711266 0.702441 0.026029 51.9795 -0.00683726 -0.0301142 0.999523 1.17951
0.699704 -0.714072 -0.0227013 104.707 0.714433 0.699354 0.0221313 53.0988 7.29097e-05 -0.0317039 0.999497 1.21986
0.693455 -0.720201 -0.0207391 105.829 0.720496 0.693067 0.023329 54.2197 -0.00242799 -0.0311201 0.999513 1.22183
0.689162 -0.724288 -0.0215082 106.98 0.724577 0.688561 0.0295267 55.4133 -0.00657613 -0.035933 0.999333 1.19207
0.689917 -0.7237 -0.0165063 108.079 0.723818 0.689353 0.0296676 56.6283 -0.0100918 -0.0324158 0.999424 1.19066
0.690437 -0.723063 -0.0218179 109.24 0.723352 0.689766 0.0313925 57.8455 -0.00764955 -0.0374566 0.999269 1.19511
0.69322 -0.719921 -0.0340634 110.398 0.720688 0.691924 0.0430072 59.0989 -0.0073925 -0.0543625 0.998494 1.2078
0.697294 -0.715947 -0.034648 111.582 0.716733 0.695846 0.0457439 60.3604 -0.00864058 -0.0567304 0.998352 1.18037
0.7002 -0.713286 -0.0307274 112.786 0.713915 0.699116 0.0395131 61.6091 -0.00670208 -0.0496039 0.998747 1.1874
0.701048 -0.712682 -0.0248128 114.022 0.713092 0.700327 0.0322812 62.8598 -0.00562913 -0.0403245 0.999171 1.21644
0.701842 -0.71176 -0.0285702 115.214 0.712234 0.700512 0.0447751 64.1363 -0.0118554 -0.0517737 0.998589 1.21781
0.704267 -0.709513 -0.0244748 116.44 0.709825 0.703133 0.0418717 65.3598 -0.0124995 -0.0468617 0.998823 1.18891
0.703576 -0.709845 -0.033168 117.596 0.710591 0.703201 0.0238516 66.5584 0.00639284 -0.0403503 0.999165 1.2278
0.702701 -0.711211 -0.0197544 118.784 0.711333 0.701706 0.04016 67.7532 -0.0147004 -0.0422724 0.998998 1.24031
0.700284 -0.713849 -0.00458371 120.017 0.713139 0.699269 0.0495495 68.9669 -0.0321656 -0.0379675 0.998761 1.21126
0.698482 -0.715154 -0.0260487 121.132 0.715592 0.69762 0.0354079 70.114 -0.00714999 -0.043372 0.999033 1.18753
0.695885 -0.717666 -0.0264493 122.346 0.718104 0.694934 0.0373277 71.3288 -0.00840829 -0.0449691 0.998953 1.19544
0.690612 -0.722883 -0.0222326 123.475 0.723182 0.68991 0.0321297 72.5163 -0.00788756 -0.0382674 0.999236 1.18621
0.685426 -0.727602 -0.0280471 124.562 0.728106 0.684496 0.0364328 73.6883 -0.00731048 -0.0453932 0.998942 1.18144
0.68286 -0.73008 -0.0261923 125.701 0.730441 0.6817 0.0417258 74.9385 -0.0126079 -0.0476248 0.998786 1.18494
0.679184 -0.73349 -0.0264721 126.833 0.733919 0.678282 0.0360057 76.116 -0.00845429 -0.0438829 0.999001 1.19062
0.670562 -0.741422 -0.0253185 127.881 0.741834 0.669905 0.0301577 77.3082 -0.00539857 -0.0390047 0.999224 1.18467
0.660471 -0.750682 -0.0159682 128.959 0.750617 0.659584 0.0390354 78.5036 -0.0187708 -0.0377677 0.99911 1.15766
0.653694 -0.756693 -0.0100342 130.035 0.756099 0.652513 0.0504074 79.7621 -0.0315955 -0.0405379 0.998678 1.14433
0.645112 -0.763915 -0.0162733 131.049 0.763831 0.644196 0.0396724 80.983 -0.0198232 -0.0380232 0.99908 1.12784
0.635021 -0.772299 -0.0174128 132.081 0.772419 0.63448 0.0283687 82.2429 -0.010861 -0.0314647 0.999446 1.12495
0.622442 -0.782421 -0.0195928 133.074 0.782525 0.621659 0.0345697 83.5284 -0.0148681 -0.0368495 0.99921 1.10739
0.608928 -0.792761 -0.0271321 134.084 0.793193 0.608238 0.0298638 84.8151 -0.00717206 -0.0397059 0.999186 1.12653
0.595609 -0.802929 -0.0235497 135.049 0.80315 0.594743 0.0350896 86.1573 -0.0141685 -0.0398136 0.999107 1.09938
0.582621 -0.812487 -0.0204319 136.002 0.812365 0.581398 0.0451718 87.5237 -0.0248225 -0.0429163 0.99877 1.09995
0.5729 -0.819333 -0.0218706 136.986 0.819256 0.571638 0.0452788 88.8945 -0.0245963 -0.0438579 0.998735 1.09112
0.565871 -0.823782 -0.0342527 137.848 0.824364 0.564557 0.0412117 90.2585 -0.0146118 -0.0515572 0.998563 1.06481
0.560603 -0.827072 -0.0409391 138.724 0.827986 0.559089 0.0431107 91.6035 -0.012767 -0.058065 0.998231 1.05931
0.555794 -0.830632 -0.0338093 139.685 0.830718 0.553384 0.0606197 93.075 -0.0316431 -0.0617781 0.997588 1.05326
0.547573 -0.836192 -0.0307659 140.542 0.836437 0.545975 0.0477927 94.3658 -0.0231665 -0.0519038 0.998383 0.992384
0.535829 -0.843749 -0.0312135 141.471 0.844208 0.534767 0.0365817 95.7982 -0.0141739 -0.0459522 0.998843 0.981983
0.523174 -0.851961 -0.0212487 142.32 0.851868 0.522069 0.0420081 97.254 -0.024696 -0.0400787 0.998891 0.966136
0.514334 -0.857584 -0.00318836 143.196 0.857077 0.513894 0.0364832 98.6357 -0.0296489 -0.0214972 0.999329 0.956928
0.50319 -0.864175 -0.00145942 144.054 0.864038 0.503079 0.0187328 100.066 -0.0154542 -0.0106871 0.999823 0.909244
0.491505 -0.870817 -0.00999818 144.893 0.870763 0.491226 0.0216437 101.532 -0.0139364 -0.0193441 0.999716 0.888772
0.482474 -0.875892 -0.00561714 145.712 0.875344 0.481921 0.039054 103.084 -0.0315001 -0.0237594 0.999221 0.893762
0.478523 -0.878072 -0.00236098 146.491 0.877762 0.478278 0.0279986 104.542 -0.0234556 -0.0154703 0.999605 0.850434
0.474553 -0.880029 -0.0186721 147.252 0.880169 0.474171 0.0215593 106.005 -0.010119 -0.0266656 0.999593 0.818617
0.471453 -0.881753 -0.0155845 148.059 0.881704 0.470915 0.0289404 107.571 -0.0181793 -0.0273849 0.99946 0.849255
0.47099 -0.882111 -0.00701515 148.846 0.881808 0.470581 0.031123 109.059 -0.0241528 -0.0208446 0.999491 0.834601
0.467153 -0.884134 -0.00869582 149.631 0.884138 0.467018 0.0139226 110.538 -0.00824833 -0.0141923 0.999865 0.78464
0.463515 -0.885915 -0.0175483 150.432 0.886065 0.463266 0.0165436 112.093 -0.00652671 -0.0232172 0.999709 0.809423
0.461624 -0.886997 -0.0118286 151.233 0.886849 0.461163 0.0287636 113.635 -0.0200583 -0.0237681 0.999516 0.813053
0.460512 -0.887643 -0.00440317 151.989 0.887584 0.460407 0.0148447 115.137 -0.0111496 -0.0107444 0.99988 0.814461
0.459235 -0.888256 -0.0102288 152.716 0.88824 0.459015 0.0183112 116.601 -0.0115699 -0.0174948 0.99978 0.829356
0.458042 -0.888822 -0.0139046 153.505 0.888705 0.457517 0.0296858 118.118 -0.0200238 -0.0259545 0.999463 0.827616
0.457613 -0.889133 -0.00570566 154.244 0.889018 0.457423 0.02027 119.562 -0.0154128 -0.0143482 0.999778 0.827739
0.453698 -0.890979 -0.0177222 154.907 0.891071 0.453291 0.0227823 120.997 -0.0122652 -0.0261281 0.999583 0.803326
0.450578 -0.892605 -0.0153756 155.594 0.892218 0.449662 0.0418374 122.31 -0.0304304 -0.0325694 0.999006 0.763946
0.448039 -0.894004 0.00428219 156.297 0.893567 0.447961 0.0294919 123.701 -0.0282841 -0.00938707 0.999556 0.793572
0.449795 -0.893127 -0.0027764 156.979 0.89298 0.44966 0.0197954 124.989 -0.0164314 -0.0113832 0.9998 0.765333
0.456117 -0.889897 -0.00639614 157.915 0.889888 0.456029 0.0116685 126.848 -0.00746698 -0.0110141 0.999911 0.762469
0.470596 -0.882333 -0.00531038 158.827 0.881967 0.470207 0.0322452 128.685 -0.025954 -0.019858 0.999466 0.730807
0.4895 -0.871933 -0.0110925 159.755 0.871978 0.48935 0.0137978 130.485 -0.00660259 -0.0164264 0.999843 0.719572
0.507295 -0.861599 -0.0172884 160.717 0.861746 0.507019 0.018065 132.217 -0.00679924 -0.0240625 0.999687 0.747768
0.519769 -0.854306 -0.00098268 161.743 0.854199 0.519685 0.0164901 133.891 -0.0135769 -0.00941043 0.999864 0.752203
0.520226 -0.853999 -0.0071574 162.747 0.853812 0.519887 0.0268721 135.55 -0.0192277 -0.0200906 0.999613 0.727803
0.521328 -0.853174 -0.0176508 163.733 0.853348 0.521118 0.0152933 137.221 -0.00384969 -0.023035 0.999727 0.674922
0.511995 -0.858774 -0.0191641 164.729 0.858986 0.511817 0.0136465 138.928 -0.00191078 -0.0234486 0.999723 0.729637
0.502008 -0.864862 -0.000811453 165.759 0.864272 0.50163 0.0374365 140.696 -0.0319704 -0.0194948 0.999299 0.719147
0.495869 -0.868374 -0.00642763 166.76 0.868265 0.49565 0.0211579 142.477 -0.0151871 -0.0160724 0.999756 0.683134
0.494246 -0.869321 0.00149725 167.468 0.869197 0.494203 0.0160933 143.666 -0.0147302 -0.00665262 0.999869 0.678824
0.493124 -0.869803 0.016496 168.231 0.86971 0.493347 0.0145673 144.892 -0.0208089 0.00716327 0.999758 0.692723
0.491068 -0.870823 0.0227759 169.194 0.87102 0.491241 0.0023776 146.618 -0.0132589 0.0186707 0.999738 0.685785
0.491522 -0.870378 0.0291413 169.951 0.870658 0.491859 0.00535999 147.859 -0.0189987 0.0227376 0.999561 0.730999
0.49065 -0.870789 0.0314674 170.916 0.87125 0.490835 -0.00205321 149.573 -0.0136574 0.0284234 0.999503 0.708542
0.492133 -0.870133 0.0259596 171.902 0.870519 0.491971 -0.0127358 151.33 -0.00168954 0.028866 0.999582 0.749097
0.492779 -0.869592 0.0312688 172.88 0.86992 0.493163 0.00550258 152.973 -0.0202056 0.0244898 0.999496 0.751728
0.485463 -0.873243 0.0420943 173.76 0.873882 0.486103 0.00589884 154.564 -0.0256133 0.0339218 0.999096 0.744168
0.459051 -0.887352 0.0433421 174.466 0.888231 0.459391 -0.00235104 155.997 -0.0178247 0.039577 0.999058 0.702515
0.379042 -0.924287 0.0449636 175.223 0.925214 0.379446 0.000489358 157.897 -0.0175135 0.0414154 0.998989 0.70322
0.237977 -0.970567 0.0369763 175.736 0.971261 0.237975 -0.00452556 159.718 -0.00440707 0.0369906 0.999306 0.670679
-0.020455 -0.999728 -0.0112425 175.701 0.99979 -0.0204385 -0.00158063 161.848 0.00135042 -0.0112724 0.999936 0.728011
-0.252796 -0.96655 -0.0433086 175.244 0.967005 -0.253868 0.0212583 163.551 -0.0315419 -0.0365056 0.998836 0.697046
-0.465991 -0.883226 -0.0525831 174.484 0.88343 -0.467746 0.0276637 165.077 -0.0490288 -0.0335625 0.998233 0.661369
-0.658716 -0.75167 -0.0329442 173.417 0.751594 -0.659402 0.0171739 166.361 -0.0346326 -0.013448 0.99931 0.597879
-0.788841 -0.613702 -0.0331532 171.992 0.613672 -0.789465 0.0122674 167.535 -0.0337018 -0.0106681 0.999375 0.547956
-0.840506 -0.540948 -0.0304243 170.714 0.541046 -0.840974 0.00563334 168.333 -0.0286334 -0.0117261 0.999521 0.486708
-0.871525 -0.489456 -0.0296046 169.315 0.489776 -0.871838 -0.0042737 169.111 -0.0237186 -0.0182243 0.999553 0.469537
-0.883448 -0.467643 -0.0287933 167.838 0.468109 -0.88359 -0.0119872 169.902 -0.0198357 -0.0240685 0.999514 0.436157
-0.88532 -0.464132 -0.0281161 166.122 0.464543 -0.885494 -0.0100501 170.784 -0.0202321 -0.0219586 0.999554 0.402676
-0.885367 -0.464351 -0.0224421 164.303 0.464602 -0.885489 -0.00736316 171.669 -0.0164531 -0.0169457 0.999721 0.346032
-0.884558 -0.465971 -0.0206814 162.962 0.466229 -0.884609 -0.00989478 172.332 -0.0136842 -0.0183948 0.999737 0.335484
-0.882748 -0.469372 -0.0211068 161.554 0.469656 -0.882779 -0.0111789 173.016 -0.0133856 -0.0197811 0.999715 0.314306
-0.880906 -0.472934 -0.0184025 160.15 0.473082 -0.881007 -0.00446461 173.76 -0.0141013 -0.0126388 0.999821 0.282584
-0.880373 -0.473891 -0.0192574 158.606 0.474027 -0.880505 -0.00296324 174.537 -0.015552 -0.0117373 0.99981 0.239339
-0.878754 -0.476658 -0.0242652 157.054 0.476752 -0.879035 0.00210342 175.343 -0.0223326 -0.0097201 0.999703 0.267256
-0.877969 -0.478205 -0.0221317 155.525 0.478313 -0.87819 0.000484801 176.159 -0.0196677 -0.0101602 0.999755 0.236308
-0.878783 -0.477 -0.0145572 153.955 0.477003 -0.878895 0.00349034 176.967 -0.0144591 -0.00387656 0.999888 0.189323
-0.880618 -0.473482 -0.0180816 152.41 0.473284 -0.880794 0.014264 177.801 -0.0226799 0.00400346 0.999735 0.223079
-0.882777 -0.469355 -0.0202601 150.888 0.469048 -0.882985 0.0182072 178.607 -0.026435 0.00656998 0.999629 0.192907
-0.885664 -0.464012 -0.0170665 149.336 0.463748 -0.885797 0.0173416 179.404 -0.0231642 0.00744422 0.999704 0.138134
-0.887086 -0.461388 -0.0141251 147.8 0.461153 -0.887156 0.0170801 180.197 -0.0204117 0.00863765 0.999754 0.115827
-0.887872 -0.459883 -0.0138324 146.219 0.459792 -0.887977 0.00936823 181.011 -0.0165911 0.00195776 0.99986 0.089762
-0.887309 -0.461069 -0.00986976 144.7 0.46102 -0.887363 0.00696371 181.795 -0.0119688 0.00162881 0.999927 0.0710048
-0.885572 -0.464278 -0.0144579 143.129 0.464352 -0.885648 -0.00205098 182.621 -0.0118524 -0.00852984 0.999893 0.0466335
-0.883127 -0.468891 -0.0151186 141.638 0.468965 -0.883215 -0.0015676 183.415 -0.0126179 -0.00847447 0.999884 0.0286971
-0.881698 -0.471772 -0.00636959 140.161 0.471665 -0.881677 0.0133445 184.213 -0.0119115 0.00876154 0.999891 0.0763448
-0.87996 -0.475015 -0.00548808 138.669 0.474986 -0.879974 0.00586245 185.036 -0.00761412 0.00255196 0.999968 0.0812119
-0.879885 -0.475175 -0.00344235 137.162 0.475097 -0.879836 0.013087 185.84 -0.00924732 0.00987959 0.999908 0.108523
-0.880935 -0.473117 -0.0106352 135.712 0.472947 -0.88096 0.0151927 186.621 -0.0165571 0.00835395 0.999828 0.0791637
-0.883455 -0.468516 -0.000996449 134.251 0.46837 -0.883229 0.0231644 187.38 -0.011733 0.019998 0.999731 0.0927143
-0.887688 -0.460436 -0.00297336 132.822 0.460399 -0.887671 0.0085128 188.116 -0.00655896 0.00618778 0.999959 0.0845748
-0.892239 -0.451545 -0.00406083 131.346 0.451522 -0.892243 0.00558055 188.849 -0.00614312 0.00314563 0.999976 0.105646
-0.896392 -0.443101 -0.0119627 129.928 0.443155 -0.896442 -0.0021883 189.542 -0.00975423 -0.00726291 0.999926 0.138896
-0.899725 -0.436223 -0.0143306 128.501 0.436324 -0.899777 -0.00476631 190.188 -0.0108152 -0.0105412 0.999886 0.145612
-0.901407 -0.432713 -0.0149931 127.105 0.432863 -0.901418 -0.00871037 190.845 -0.00974597 -0.0143415 0.99985 0.150199
-0.901798 -0.431872 -0.0157303 125.72 0.432068 -0.901756 -0.0124025 191.483 -0.00882861 -0.0179811 0.999799 0.183407
-0.902051 -0.431207 -0.0190985 123.785 0.431509 -0.901963 -0.0162298 192.338 -0.0102277 -0.0228813 0.999686 0.154768
-0.899091 -0.437086 -0.0243269 121.932 0.437621 -0.898823 -0.0245748 193.23 -0.0111243 -0.032741 0.999402 0.245265
-0.895741 -0.444068 -0.0212364 120.248 0.444494 -0.89547 -0.0236425 194.038 -0.00851764 -0.030617 0.999495 0.257047
-0.891526 -0.452231 -0.0258544 118.699 0.452854 -0.891132 -0.0284109 194.809 -0.0101914 -0.0370374 0.999262 0.229722
-0.885107 -0.464861 -0.0221353 117.232 0.465296 -0.884875 -0.0222474 195.569 -0.00924504 -0.0299908 0.999507 0.282274
-0.876864 -0.480217 -0.022365 115.568 0.480571 -0.876836 -0.014492 196.461 -0.0126512 -0.0234555 0.999645 0.288782
-0.86577 -0.499875 -0.0238152 114.147 0.500289 -0.865701 -0.0165089 197.3 -0.0123645 -0.0262074 0.99958 0.294315
-0.852137 -0.522978 -0.0188585 112.806 0.523217 -0.852128 -0.0110582 198.134 -0.0102867 -0.0192902 0.999761 0.330378
-0.842283 -0.539032 -0.00191569 111.603 0.539021 -0.842229 -0.0102734 198.917 0.00392424 -0.00968569 0.999945 0.345416
-0.809024 -0.587653 0.012018 110.41 0.5874 -0.809069 -0.0191985 199.676 0.0210055 -0.00847262 0.999743 0.336248
-0.716262 -0.697801 0.00659532 109.234 0.697735 -0.716288 -0.00986372 200.79 0.0116071 -0.00246322 0.99993 0.343425
-0.553958 -0.832539 -0.00326246 108.356 0.832528 -0.553967 0.00423548 202.044 -0.0053335 -0.000369815 0.999986 0.402366
-0.303759 -0.952746 0.00240365 107.689 0.952714 -0.303726 0.00930777 203.674 -0.00813788 0.00511731 0.999954 0.398249
0.00885279 -0.999931 0.0077205 107.518 0.999945 0.0088963 0.00561678 205.694 -0.00568508 0.00767034 0.999954 0.376205
0.229255 -0.973231 0.0162437 107.925 0.973335 0.22935 0.00425803 207.587 -0.00786955 0.0148344 0.999859 0.351254
0.354945 -0.934698 0.0187822 108.564 0.934836 0.355065 0.00333342 209.073 -0.00978464 0.0163751 0.999818 0.332772
0.431814 -0.901626 0.0246519 109.317 0.901883 0.431978 0.00150208 210.781 -0.0120034 0.0215845 0.999695 0.384466
0.465884 -0.884379 0.0287309 110.141 0.884722 0.466117 0.0016218 212.506 -0.0148262 0.0246632 0.999586 0.339846
0.484297 -0.874379 0.0302979 111.079 0.874802 0.484479 -0.0014953 214.366 -0.0133713 0.0272288 0.99954 0.323402
0.488775 -0.871934 0.028792 111.81 0.872307 0.488958 -0.000794169 215.624 -0.0133856 0.0255037 0.999585 0.327986
0.489991 -0.871295 0.0274479 112.582 0.871546 0.490289 0.00499684 216.96 -0.0178111 0.0214737 0.999611 0.313515
0.489195 -0.871581 0.0321639 113.36 0.871982 0.489528 0.00294553 218.383 -0.0183124 0.0266054 0.999478 0.285642
0.485895 -0.873627 0.0261261 114.158 0.873963 0.48598 -0.0034319 219.802 -0.00969855 0.0245008 0.999653 0.269746
0.484513 -0.874599 0.0179797 114.971 0.874768 0.484526 -0.00391984 221.347 -0.00528336 0.0176273 0.999831 0.232292
0.484078 -0.87483 0.0184694 115.791 0.874867 0.484284 0.00875341 222.858 -0.0166022 0.011921 0.999791 0.285679
0.483499 -0.87433 0.042143 116.655 0.875018 0.484074 0.00402816 224.448 -0.0239223 0.0349283 0.999103 0.186411
0.481593 -0.87574 0.033881 117.567 0.876335 0.481651 -0.00695553 226.062 -0.0102276 0.0330409 0.999402 0.180775
0.480679 -0.876493 0.0266101 118.483 0.876891 0.480562 -0.0110546 227.785 -0.00309853 0.0286479 0.999585 0.202881
0.479595 -0.877072 0.0270884 119.408 0.87743 0.479694 -0.00312631 229.517 -0.0102522 0.0252676 0.999628 0.210787
0.48025 -0.876454 0.0344636 120.369 0.876866 0.480701 0.00570651 231.274 -0.0215682 0.0274794 0.99939 0.190154
0.481558 -0.875628 0.0371287 121.325 0.876231 0.481892 5.17705e-05 233.005 -0.0179373 0.0325084 0.999311 0.140663
0.481389 -0.875892 0.0328261 122.321 0.876422 0.481527 -0.00410191 234.871 -0.0122138 0.0307441 0.999453 0.126407
0.480815 -0.876191 0.0332519 123.301 0.876734 0.480959 -0.00403558 236.651 -0.0124569 0.0310934 0.999439 0.15995
0.477843 -0.877445 0.0419125 124.348 0.878273 0.47815 -0.00300592 238.584 -0.0174029 0.038247 0.999117 0.0878555
0.475859 -0.878789 0.0358807 125.328 0.879481 0.475833 -0.00981083 240.352 -0.00845157 0.036225 0.999308 0.0993755
0.472865 -0.880699 0.0277085 126.329 0.881099 0.472897 -0.00577905 242.278 -0.00801366 0.0271466 0.999599 0.13678
0.470504 -0.882046 0.0249226 127.328 0.882285 0.470707 0.00264719 244.15 -0.0140662 0.0207434 0.999686 0.151676
0.468334 -0.883209 0.0246157 128.271 0.88337 0.468621 0.00723769 245.994 -0.0179278 0.0183551 0.999671 0.164197
0.467426 -0.883623 0.026908 129.27 0.88388 0.467694 0.00436093 247.907 -0.0164381 0.021745 0.999628 0.15068
0.467195 -0.883768 0.026135 130.225 0.884079 0.467336 -0.000794096 249.704 -0.011512 0.0234764 0.999658 0.11666
0.468008 -0.88354 0.0180254 131.187 0.883666 0.468115 0.00197191 251.52 -0.0101802 0.0150055 0.999836 0.11321
0.469075 -0.882989 0.0172947 132.166 0.88307 0.469215 0.00493694 253.419 -0.0124742 0.0129566 0.999838 0.106813
0.469358 -0.882939 0.0109823 133.093 0.882865 0.46947 0.0121079 255.211 -0.0158464 0.0040129 0.999866 0.159225
0.470199 -0.882281 0.0222181 134.057 0.882293 0.470527 0.0127983 257.038 -0.0217459 0.0135851 0.999671 0.11847
0.470343 -0.882376 0.0137795 134.996 0.882403 0.470454 0.00617495 258.825 -0.0119312 0.0092547 0.999886 0.122418
0.470967 -0.882125 0.00678729 135.934 0.882099 0.471009 0.00720657 260.66 -0.00955397 0.002593 0.999951 0.106864
0.47065 -0.882267 0.00968772 136.877 0.88227 0.470712 0.00549607 262.454 -0.00940913 0.00596046 0.999938 0.106728
0.47084 -0.882196 0.00631991 137.857 0.882131 0.470882 0.0107176 264.326 -0.012431 0.000528699 0.999923 0.102694
0.471099 -0.882033 0.00913255 138.803 0.882004 0.471169 0.00832976 266.104 -0.0116501 0.00413079 0.999924 0.0930657
0.472057 -0.881519 0.00927151 139.786 0.881511 0.47212 0.00644953 267.985 -0.0100627 0.00512839 0.999936 0.0807636
0.47179 -0.881652 0.0101941 140.771 0.881661 0.471855 0.00510697 269.837 -0.00931272 0.00657836 0.999935 0.0753665
0.47315 -0.880953 0.00719173 141.772 0.880945 0.473189 0.00531318 271.685 -0.00808372 0.00382159 0.99996 0.0816105
0.472573 -0.881279 0.00463167 142.756 0.881291 0.472571 -0.00156729 273.6 -0.000807575 0.0048225 0.999988 0.077185
0.471446 -0.881886 -0.00388141 143.769 0.881886 0.471417 0.00647985 275.503 -0.00388473 -0.00647786 0.999972 0.087202
0.471586 -0.881794 0.0068182 144.787 0.881762 0.47163 0.00784693 277.441 -0.010135 0.00231152 0.999946 0.0953819
0.470859 -0.882163 0.00900539 145.799 0.88215 0.47092 0.00668093 279.369 -0.0101345 0.00479833 0.999937 0.126297
0.469405 -0.882792 0.018356 146.766 0.882961 0.469439 -0.00267599 281.238 -0.00625467 0.0174637 0.999828 0.0827086
0.469475 -0.882913 0.00758049 147.777 0.882937 0.469492 0.000552786 283.136 -0.00404704 0.00643357 0.999971 0.131145
0.46771 -0.883652 0.0201588 148.776 0.883812 0.467837 0.00189235 285.084 -0.0111032 0.0169316 0.999795 0.107722
0.467352 -0.883356 0.0355622 149.746 0.883986 0.467487 -0.0049289 286.939 -0.0122709 0.03374 0.999355 0.0959925
0.46671 -0.884136 0.0220162 150.715 0.884398 0.466691 -0.00633316 288.771 -0.00467536 0.0224268 0.999738 0.110313
0.464847 -0.885112 0.0222476 151.671 0.885365 0.46488 -0.00396963 290.633 -0.0068289 0.0215425 0.999745 0.0970731
0.462827 -0.88577 0.034695 152.609 0.886345 0.463017 -0.00279782 292.435 -0.0135862 0.0320466 0.999394 0.125417
0.460672 -0.886641 0.0406035 153.505 0.887455 0.460867 -0.00498308 294.193 -0.0142946 0.0383294 0.999163 0.116134
0.458985 -0.887484 0.0413006 154.409 0.888381 0.459009 -0.0094632 295.907 -0.0105589 0.0410342 0.999102 0.111302
0.457131 -0.888783 0.0331148 155.27 0.889365 0.457125 -0.00817417 297.67 -0.00787257 0.0331878 0.999418 0.100241
0.457291 -0.888534 0.037315 156.144 0.889259 0.457339 -0.00773383 299.328 -0.0101938 0.0367193 0.999274 0.106729
0.456989 -0.888773 0.0352549 156.953 0.889438 0.45696 -0.00933586 300.945 -0.00781261 0.0356234 0.999335 0.107053
0.459244 -0.88778 0.0306722 157.755 0.888285 0.459216 -0.00835768 302.515 -0.00666538 0.0310838 0.999495 0.0976103
0.461871 -0.886247 0.0352235 158.533 0.886912 0.461843 -0.00940916 304.053 -0.00792887 0.0355859 0.999335 0.118831
0.464901 -0.884342 0.0425076 159.262 0.885317 0.464829 -0.0121742 305.463 -0.0089926 0.0432925 0.999022 0.114735
0.467922 -0.882931 0.0385007 159.982 0.883686 0.468032 -0.0066572 306.782 -0.0121417 0.0371376 0.999236 0.143183
0.47188 -0.880712 0.0409242 160.959 0.881607 0.471865 -0.0106441 308.634 -0.00993627 0.0411018 0.999106 0.141324
0.476561 -0.87855 0.0322633 161.864 0.879137 0.476353 -0.0143304 310.291 -0.00277878 0.0351932 0.999377 0.157485
0.474325 -0.879479 0.0391353 162.672 0.880309 0.474264 -0.0114321 311.788 -0.00850618 0.0398737 0.999169 0.205154
0.460008 -0.88741 0.0299363 163.385 0.887915 0.459761 -0.0150688 313.155 -0.000391355 0.0335127 0.999438 0.185603
0.401768 -0.915392 0.0253147 164.079 0.915732 0.401485 -0.0156235 314.79 0.00413814 0.0294585 0.999557 0.230658
0.247314 -0.968586 0.0260076 164.545 0.968935 0.247214 -0.00705411 316.773 0.000403062 0.0269443 0.999637 0.249321
0.00689595 -0.999836 0.0167546 164.757 0.999941 0.0070344 0.00821742 318.89 -0.00833392 0.016697 0.999826 0.302178
-0.230364 -0.973003 0.0140727 164.377 0.972968 -0.230066 0.0200851 320.69 -0.0163052 0.0183192 0.999699 0.277032
-0.476045 -0.87883 0.0322453 163.518 0.879339 -0.475179 0.031109 322.469 -0.0120173 0.0431638 0.998996 0.284059
-0.64836 -0.760445 0.0367796 162.563 0.7613 -0.648029 0.0219248 323.671 0.00716167 0.0422155 0.999083 0.273992
-0.786552 -0.616816 0.0295623 161.303 0.617518 -0.785865 0.0329869 324.709 0.00288509 0.0442011 0.999018 0.330588
-0.866631 -0.498919 0.00555023 159.87 0.498948 -0.866553 0.0116995 325.472 -0.00102753 0.0129084 0.999916 0.357766
-0.898552 -0.438693 -0.0123657 158.212 0.4386 -0.898631 0.00958127 326.227 -0.0153155 0.00318566 0.999878 0.324586
-0.906195 -0.42284 0.00403188 156.545 0.422796 -0.906183 -0.00866312 327.005 0.00731673 -0.00614582 0.999954 0.274713
-0.904688 -0.42601 0.00742233 154.69 0.426001 -0.904718 -0.00281414 327.836 0.00791397 0.000616002 0.999969 0.363062
-0.902377 -0.430948 0.000564915 152.803 0.430935 -0.902359 -0.00659344 328.745 0.00335118 -0.00570633 0.999978 0.340809
-0.89639 -0.44326 -0.00219583 150.75 0.443231 -0.896248 -0.0168853 329.679 0.00551658 -0.0161091 0.999855 0.38829
-0.892998 -0.449984 -0.0083136 149.359 0.45006 -0.892865 -0.0154149 330.334 -0.000486463 -0.0175071 0.999847 0.435413
-0.890547 -0.454848 -0.00618032 147.851 0.45489 -0.890489 -0.010251 331.057 -0.000840858 -0.0119404 0.999928 0.439075
-0.887237 -0.461257 -0.00720396 146.352 0.461313 -0.887158 -0.0118744 331.828 -0.000913893 -0.0138587 0.999904 0.394016
-0.884585 -0.465967 -0.0195946 144.824 0.46629 -0.884455 -0.0176971 332.615 -0.00908431 -0.0247914 0.999651 0.430215
-0.881623 -0.471572 -0.0189718 143.165 0.471738 -0.881723 -0.00524131 333.469 -0.0142563 -0.0135706 0.999806 0.426469
-0.879991 -0.474777 -0.0142311 141.618 0.47489 -0.880026 -0.00580496 334.307 -0.00976764 -0.0118665 0.999882 0.397594
-0.879307 -0.476061 -0.0136166 139.979 0.476202 -0.879279 -0.0100367 335.145 -0.00719466 -0.0153096 0.999857 0.38714
-0.879531 -0.475639 -0.0139109 138.381 0.475768 -0.879533 -0.00814516 336.02 -0.00836091 -0.0137823 0.99987 0.378162
-0.880607 -0.47353 -0.0173484 136.735 0.47374 -0.880597 -0.010939 336.896 -0.010097 -0.0178516 0.99979 0.372593
-0.881623 -0.471581 -0.0187874 135.075 0.471826 -0.881614 -0.0116895 337.751 -0.0110507 -0.0191701 0.999755 0.385309
-0.883053 -0.46883 -0.020397 133.463 0.46915 -0.882983 -0.0154648 338.589 -0.0107598 -0.0232255 0.999672 0.402099
-0.88509 -0.46508 -0.0177731 131.873 0.465357 -0.884952 -0.0174193 339.43 -0.00762698 -0.0236885 0.99969 0.381002
-0.888519 -0.458068 -0.0265975 130.224 0.458574 -0.888484 -0.0174917 340.268 -0.0156191 -0.0277386 0.999493 0.358124
-0.891977 -0.451396 -0.0248574 128.576 0.451807 -0.892 -0.014353 341.066 -0.0156939 -0.0240333 0.999588 0.396318
-0.894064 -0.447487 -0.0201343 126.968 0.447847 -0.893891 -0.0198086 341.858 -0.00913375 -0.0267273 0.999601 0.382872
-0.895493 -0.444462 -0.0233668 125.384 0.444983 -0.895143 -0.0266347 342.616 -0.00907854 -0.0342491 0.999372 0.343323
-0.89613 -0.443287 -0.0211773 123.772 0.443674 -0.895972 -0.019683 343.444 -0.0102491 -0.0270343 0.999582 0.402029
-0.894 -0.447591 -0.0206597 122.169 0.448002 -0.893709 -0.024058 344.23 -0.00769562 -0.0307635 0.999497 0.3874
-0.890662 -0.454034 -0.0239614 120.575 0.454573 -0.890307 -0.026777 345.021 -0.00917533 -0.0347414 0.999354 0.415284
-0.885882 -0.463066 -0.0279829 118.977 0.463764 -0.885506 -0.0283201 345.813 -0.011665 -0.0380657 0.999207 0.382984
-0.881486 -0.471301 -0.0292772 117.406 0.472054 -0.88109 -0.0290703 346.63 -0.012095 -0.0394455 0.999148 0.379857
-0.876764 -0.48017 -0.0268759 115.882 0.480821 -0.876352 -0.0285944 347.485 -0.00982259 -0.037993 0.99923 0.365463
-0.871933 -0.489016 -0.0244371 114.335 0.489588 -0.871399 -0.0310919 348.341 -0.00609008 -0.0390741 0.999218 0.401962
-0.867352 -0.49697 -0.0268353 112.847 0.497634 -0.866824 -0.03125 349.102 -0.00773116 -0.040459 0.999151 0.391604
-0.862848 -0.5046 -0.0295183 111.356 0.50536 -0.862379 -0.030236 349.99 -0.0101989 -0.0410065 0.999107 0.407881
-0.859639 -0.510144 -0.0278281 109.836 0.510765 -0.859396 -0.0236459 350.9 -0.0118525 -0.0345405 0.999333 0.413502
-0.857625 -0.513723 -0.0238522 108.426 0.514195 -0.85739 -0.0220299 351.744 -0.00913339 -0.0311581 0.999473 0.426183
-0.857183 -0.514544 -0.0219676 107.088 0.514939 -0.857002 -0.0196526 352.515 -0.00871419 -0.0281579 0.999566 0.403407
-0.857625 -0.513918 -0.0191876 105.861 0.514231 -0.857445 -0.0188147 353.284 -0.00678309 -0.0260028 0.999639 0.42436
-0.862414 -0.505736 -0.0217509 104.072 0.506125 -0.86224 -0.019458 354.368 -0.00891393 -0.0277895 0.999574 0.440908
-0.87147 -0.490198 -0.0156578 102.499 0.490328 -0.87152 -0.00561689 355.226 -0.0108927 -0.0125724 0.999862 0.461693
-0.881264 -0.472275 -0.0181819 100.904 0.472503 -0.881257 -0.0112337 356.108 -0.0107175 -0.0184908 0.999772 0.488888
-0.891489 -0.452922 -0.0104164 99.3335 0.453 -0.891484 -0.00687775 356.881 -0.00617099 -0.0108501 0.999922 0.506289
-0.899681 -0.436517 -0.00519076 97.7794 0.436544 -0.899566 -0.0145212 357.635 0.00166929 -0.0153304 0.999881 0.515695
-0.906001 -0.423236 -0.00571998 96.1343 0.423262 -0.905786 -0.0200204 358.386 0.00329229 -0.0205596 0.999783 0.538376
-0.911078 -0.412163 -0.00763074 94.4611 0.412213 -0.910688 -0.0269715 359.142 0.00416744 -0.0277187 0.999607 0.547913
-0.912825 -0.408308 -0.00584229 92.7387 0.408282 -0.912318 -0.0313251 359.901 0.00746028 -0.0309797 0.999492 0.568958
-0.913081 -0.407403 -0.0174723 90.8721 0.407761 -0.912588 -0.0302189 360.708 -0.00363377 -0.0347168 0.999391 0.605914
-0.910564 -0.411164 -0.0426304 88.9353 0.412374 -0.910679 -0.0247234 361.543 -0.0286572 -0.0400919 0.998785 0.587485
-0.908354 -0.417571 -0.0229541 87.6 0.418125 -0.907869 -0.0307342 362.141 -0.0080056 -0.0375152 0.999264 0.566992
-0.9049 -0.424877 -0.0252118 86.1765 0.425564 -0.904182 -0.036744 362.782 -0.00718441 -0.0439789 0.999007 0.557672
-0.900625 -0.431877 -0.0485487 84.7206 0.433287 -0.900957 -0.0232205 363.484 -0.0337118 -0.0419485 0.998551 0.559265
-0.898447 -0.438379 -0.0248469 83.2561 0.438974 -0.898041 -0.0286936 364.203 -0.00973488 -0.0366868 0.999279 0.488997
-0.895243 -0.444978 -0.0231139 81.6833 0.445575 -0.894218 -0.0428698 364.934 -0.00159275 -0.0486778 0.998813 0.47343
-0.889146 -0.456028 -0.0381879 80.0787 0.457436 -0.888075 -0.0455488 365.734 -0.0131422 -0.057968 0.998232 0.455821
-0.882644 -0.469745 -0.0167254 78.4792 0.469993 -0.881476 -0.0459057 366.553 0.00682093 -0.0483792 0.998806 0.442377
-0.876254 -0.481635 -0.0143508 76.768 0.481741 -0.875042 -0.0471922 367.475 0.0101719 -0.0482658 0.998783 0.490701
-0.869079 -0.493766 -0.0299395 75.116 0.494614 -0.868316 -0.0372034 368.398 -0.00762721 -0.0471412 0.998859 0.485922
-0.864403 -0.502256 -0.0233624 73.376 0.50276 -0.863982 -0.0277148 369.389 -0.00626482 -0.0357024 0.999343 0.49061
-0.862848 -0.505055 -0.020322 71.6665 0.505456 -0.862364 -0.0290128 370.375 -0.00287185 -0.0353055 0.999372 0.478068
-0.862482 -0.505655 -0.0209072 69.9294 0.50605 -0.862185 -0.0234416 371.376 -0.00617245 -0.0307981 0.999507 0.502305
-0.86412 -0.502477 -0.0285229 68.2308 0.503126 -0.863884 -0.0238516 372.349 -0.0126556 -0.0349613 0.999309 0.500884
-0.866931 -0.498091 -0.018342 66.4899 0.498403 -0.866674 -0.0217059 373.372 -0.00508503 -0.0279592 0.999596 0.495494
-0.87031 -0.49234 -0.0127543 64.7312 0.4925 -0.869889 -0.0271426 374.347 0.0022685 -0.0299039 0.99955 0.497728
-0.873102 -0.487143 -0.019607 63.0151 0.487464 -0.87296 -0.0178643 375.28 -0.00841369 -0.0251551 0.999648 0.528248
-0.875118 -0.48355 -0.0186683 61.2723 0.483857 -0.874942 -0.018964 376.231 -0.00716365 -0.0256285 0.999646 0.519734
-0.876939 -0.480388 -0.0143284 59.603 0.4806 -0.876616 -0.0238436 377.144 -0.00110633 -0.0277956 0.999613 0.527486
-0.878937 -0.47671 -0.0147534 57.8421 0.476935 -0.878624 -0.0235249 378.057 -0.00174816 -0.0277133 0.999614 0.542205
-0.881391 -0.471892 -0.02164 56.1599 0.472207 -0.881395 -0.0127631 378.971 -0.0130506 -0.0214679 0.999684 0.558371
-0.883807 -0.467214 -0.0244334 54.4615 0.467531 -0.88393 -0.00912588 379.87 -0.0173336 -0.0194889 0.99966 0.520041
-0.887471 -0.460636 -0.0145134 52.7799 0.460834 -0.887332 -0.0165433 380.733 -0.0052578 -0.02137 0.999758 0.513744
-0.888745 -0.458103 -0.0165192 51.0189 0.458357 -0.888581 -0.0182169 381.619 -0.00633344 -0.0237619 0.999698 0.54879
